AT1G01070	-9.215525	-11.786828	-4.080214	-2.785851	0.000000	0.000000	
AT1G02205	-9.226360	-9.106667	-2.113152	0.000000	0.000000	0.000000	
AT1G04980	-2.776247	-1.272414	4.280734	6.720459	0.000000	4.697582	
AT1G06760	1.120220	0.795114	6.987040	9.541087	0.000000	8.801695	
AT1G10760	-3.437272	-3.269880	3.326747	6.636520	0.000000	2.930105	
AT1G11210	-8.629897	-9.667780	-2.863476	-0.551294	0.000000	-0.811475	
AT1G13950	-9.004894	0.000000	-2.681583	0.000000	0.000000	0.000000	
AT1G15340	0.741030	0.761046	7.288104	10.453405	0.000000	10.549058	
AT1G15870	-5.718814	-7.389289	-0.313108	2.558151	0.000000	4.373841	
AT1G18400	-9.149547	0.000000	-3.321002	0.000000	0.000000	0.000000	
AT1G19110	-2.374245	-2.400073	4.322970	7.358013	0.000000	6.802871	
AT1G19400	-3.287179	-2.494424	4.114659	6.849921	0.000000	5.996660	
AT1G19530	-10.076883	-8.103061	-3.561138	3.933749	0.000000	9.555258	
AT1G19660	-3.653958	-2.631073	3.956787	7.875315	0.000000	10.780923	
AT1G19860	-3.190955	-2.718774	3.896558	6.974008	0.000000	6.039485	
AT1G19960	-9.686896	0.000000	0.000000	0.000000	0.000000	0.000000	
AT1G21010	-8.178354	-9.352546	-3.792631	1.199649	0.000000	0.339987	
AT1G21640	-4.465588	-4.306100	1.919479	5.094515	0.000000	5.888695	
AT1G23710	-5.220724	-5.187729	2.116020	5.811235	0.000000	6.277109	
AT1G23750	0.318615	0.865360	6.907631	8.663831	0.000000	-1.309091	
AT1G25275	-1.800351	-3.828787	0.407295	-2.652646	0.000000	5.898207	
AT1G25490	-0.859600	-0.636743	5.634294	8.352350	0.000000	6.521334	
AT1G27290	-6.823346	-7.379280	-0.259630	3.393231	0.000000	6.754255	
AT1G27930	-9.053281	-12.813841	-5.859814	0.000000	0.000000	-3.719992	
AT1G28300	-4.571859	-7.048769	-4.695381	-0.211137	0.000000	0.000000	
AT1G29390	-1.811839	-1.630569	4.890726	7.200838	0.000000	4.624238	
AT1G29395	-5.084243	-3.059231	3.514935	5.504716	0.000000	-2.808652	
AT1G31230	-1.786049	-1.677133	4.831353	7.614643	0.000000	5.715504	
AT1G32380	-2.010208	-1.777445	5.535005	9.489861	0.000000	9.750296	
AT1G32640	-5.826300	-6.161942	1.132496	4.394279	0.000000	2.183669	
AT1G49200	-11.022365	0.000000	0.000000	0.000000	0.000000	0.000000	
AT1G49780	-5.458447	-5.154081	1.239465	4.396260	0.000000	4.400098	
AT1G52890	-8.122834	-5.749723	2.245435	6.242879	0.000000	6.444254	
AT1G53400	-1.969645	-1.093798	5.830705	8.899426	0.000000	8.631073	
AT1G54210	-3.184276	-1.690695	5.748768	8.842888	0.000000	8.941753	
AT1G56340	2.070856	2.511173	7.871548	10.078759	0.000000	5.994636	
AT1G60790	-1.246403	-1.325721	4.379378	6.534990	0.000000	6.275400	
AT1G63000	-1.562782	-1.162812	5.161443	8.049235	0.000000	7.134439	
AT1G70420	-6.486574	-4.154608	3.674381	6.989269	0.000000	5.840206	
AT1G70650	-3.829028	-3.370449	3.268481	5.921133	0.000000	4.820759	
AT1G72450	-6.467890	-8.669622	-1.559197	0.000000	0.000000	0.752447	
AT1G72790	-6.102136	-5.387805	0.492128	2.730930	0.000000	0.754518	
AT1G73480	-4.883240	-4.643173	0.907604	3.070878	0.000000	3.020843	
AT1G74010	-9.174333	-10.698632	-3.675932	0.000000	0.000000	0.000000	
AT1G74840	-2.022951	-1.018025	5.313333	6.941337	0.000000	4.429522	
AT1G78510	-2.721698	-1.828015	5.078668	7.798742	0.000000	6.543414	
AT1G78680	-6.168313	-7.432052	-0.431851	1.431876	0.000000	0.000000	
AT1G78700	-3.755179	-3.373992	3.057900	6.264019	0.000000	4.016505	
AT1G79460	-2.398617	-1.444480	4.798359	7.464944	0.000000	4.188111	
AT1G80130	-5.056356	-3.682666	2.274642	4.200370	0.000000	0.646262	
AT1G80380	-1.852337	-2.154839	4.983593	8.536039	0.000000	7.196375	
AT1G80440	-10.847683	-10.627629	0.000000	-2.587185	0.000000	-2.725070	
AT1G80570	-6.693717	-4.319737	2.825195	6.943166	0.000000	7.693705	
AT2G20580	-0.809739	-0.769439	5.525409	8.376835	0.000000	7.861963	
AT2G20835	-2.677496	-3.952123	2.322305	5.039410	0.000000	-0.274487	
AT2G23790	-2.808977	-2.444246	4.018957	6.442955	0.000000	5.360567	
AT2G24100	-4.259483	-3.587987	3.412055	6.820430	0.000000	8.027796	
AT2G24150	-1.876041	-1.909828	4.682206	7.046114	0.000000	1.616944	
AT2G27250	-5.305054	-4.840766	1.101379	1.177314	0.000000	0.000000	
AT2G27830	-8.617015	0.000000	-4.214207	2.662041	0.000000	6.420462	
AT2G31970	-4.204254	-4.387267	2.842577	6.250209	0.000000	6.143420	
AT2G32980	-2.672935	-2.116670	4.521680	7.166817	0.000000	5.492627	
AT2G33700	-4.424505	-3.976079	2.807950	5.904903	0.000000	5.754672	
AT2G35290	-5.481646	-3.093120	3.696539	5.200969	0.000000	-1.479832	
AT2G36630	-5.143140	-5.248719	1.833492	4.700229	0.000000	4.125568	
AT2G36770	0.000000	-9.283511	-0.635418	3.620240	0.000000	6.110514	
AT2G36895	-2.368887	-0.844338	5.980686	9.303472	0.000000	8.918564	
AT2G38280	-1.944056	-2.294595	3.700665	6.447702	0.000000	6.565307	
AT2G38820	-6.701465	-4.392508	3.238887	7.303079	0.000000	7.853740	
AT2G41100	-8.043217	-7.017784	-3.071469	-2.591030	0.000000	0.000000	
AT2G45420	-8.333693	-10.859453	-4.329332	-0.819179	0.000000	0.000000	
AT2G46150	-5.036047	-7.337308	-1.898669	0.760010	0.000000	0.000000	
AT2G46735	-6.755226	-6.605621	1.185614	4.244931	0.000000	4.502396	
AT3G02690	-3.465314	-2.429620	4.177960	6.797831	0.000000	5.143036	
AT3G04120	3.890819	3.364256	8.830736	10.811042	0.000000	7.353444	
AT3G04730	-5.526324	-4.399430	2.023886	2.283626	0.000000	0.000000	
AT3G05200	-4.623033	-3.710511	3.716002	6.820696	0.000000	6.503526	
AT3G05810	-1.967683	-2.404740	4.885907	8.146223	0.000000	8.016568	
AT3G07350	-8.502265	-11.434241	0.000000	0.000000	0.000000	0.355538	
AT3G09370	-3.913747	-3.511436	3.238328	6.424531	0.000000	5.976765	
AT3G09980	-0.259264	0.607785	7.029479	9.554317	0.000000	8.393277	
AT3G10410	-1.331860	-0.502275	5.982009	8.510191	0.000000	7.832066	
AT3G14860	-2.734115	-1.674674	4.860396	7.760763	0.000000	6.769972	
AT3G15540	-6.623827	-7.612110	-2.026365	0.261624	0.000000	-2.488962	
AT3G17310	-1.732769	-1.025148	5.360535	7.948093	0.000000	6.020026	
AT3G17680	-0.787532	-1.795221	3.117588	4.745915	0.000000	0.000000	
AT3G17790	-3.213522	-2.353959	3.731746	5.321644	0.000000	1.166554	
AT3G18000	-1.782961	0.131008	5.969732	7.207724	0.000000	0.492219	
AT3G18710	-6.844369	-6.277036	0.642627	2.695579	0.000000	-3.097593	
AT3G19130	-0.425464	-0.410454	5.773473	8.728300	0.000000	7.388817	
AT3G23820	-6.100366	-6.314673	0.663899	4.020615	0.000000	2.379911	
AT3G27170	-11.605760	-11.527571	-3.311149	-1.592131	0.000000	0.000000	
AT3G27820	-3.221290	-3.278967	3.092315	5.661604	0.000000	5.257762	
AT3G43720	0.079286	0.299560	6.769980	9.538335	0.000000	3.836616	
AT3G44880	-2.357840	-1.639434	5.503615	9.116996	0.000000	8.373704	
AT3G46540	-5.299355	-4.168969	1.603743	4.439139	0.000000	-0.212304	
AT3G47070	-1.087559	-0.551117	5.826969	8.317777	0.000000	7.170444	
AT3G47470	3.275448	2.498009	7.346919	8.419541	0.000000	4.375548	
AT3G48090	-11.661945	0.000000	0.000000	0.000000	0.000000	0.000000	
AT3G48690	-3.534587	-3.656961	3.698732	7.258857	0.000000	6.518563	
AT3G50060	-3.592426	-2.630333	4.725935	7.946521	0.000000	8.152256	
AT3G50660	-2.879079	-3.096369	4.007877	6.850768	0.000000	3.292802	
AT3G51510	-0.919070	0.106865	7.146399	10.449579	0.000000	9.760125	
AT3G53800	-5.377870	-8.531633	-3.999294	-0.285921	0.000000	-2.187738	
AT3G54390	-3.596783	-4.105824	0.780506	3.165550	0.000000	2.584271	
AT3G54890	4.488728	3.406684	7.960281	8.752925	0.000000	3.054908	
AT3G54960	-2.407208	-2.066719	3.831758	6.472320	0.000000	4.932308	
AT3G56800	-0.618223	-0.337026	5.812611	8.382410	0.000000	6.589409	
AT3G59060	-7.743460	-7.316082	-2.876731	-1.481191	0.000000	1.468685	
AT3G60110	-5.876562	-6.320287	-1.272895	0.603836	0.000000	2.864122	
AT3G60410	-2.576780	-1.540949	4.967554	7.876873	0.000000	7.484830	
AT3G61460	-6.589412	-7.329218	-0.340846	1.448873	0.000000	1.945936	
AT3G61950	-3.924998	-4.380611	-0.332250	1.786121	0.000000	-0.335564	
AT4G01026	-6.161880	-5.124217	1.270038	4.775036	0.000000	4.625467	
AT4G03560	-2.923074	-2.023859	4.559381	7.800147	0.000000	7.556036	
AT4G11220	-1.519048	-0.631581	6.170555	9.386645	0.000000	9.314839	
AT4G14600	-4.202940	-3.566676	3.060823	6.120740	0.000000	5.685975	
AT4G14900	-10.765528	0.000000	0.000000	0.000000	0.000000	0.000000	
AT4G16370	-1.929982	-0.923912	6.307589	9.010809	0.000000	0.222858	
AT4G16660	-1.599944	-0.588886	4.910233	7.203330	0.000000	3.716340	
AT4G17420	-2.791362	-2.299001	4.269435	7.647666	0.000000	7.529502	
AT4G18700	-2.837563	-2.035075	4.551335	7.206800	0.000000	6.815657	
AT4G21510	-6.486850	-6.086468	0.048543	2.835482	0.000000	1.463094	
AT4G22240	-0.991941	-0.610301	6.481260	9.415807	0.000000	8.681050	
AT4G22820	-2.346061	-1.382864	5.384021	8.513089	0.000000	8.939579	
AT4G24730	-3.296787	-2.904203	3.475296	6.004853	0.000000	3.366659	
AT4G24740	-1.651049	-0.865497	5.999674	8.999076	0.000000	8.322086	
AT4G25260	-5.140044	-5.576759	0.842998	3.290829	0.000000	1.831334	
AT4G25620	-4.877007	-3.292988	3.029166	6.354997	0.000000	5.858772	
AT4G29330	-1.144752	-0.494160	5.579486	8.077901	0.000000	8.661117	
AT4G31750	-3.331052	-2.845967	3.815782	6.966010	0.000000	7.079947	
AT4G33905	-9.052389	-7.782947	1.293266	5.531404	0.000000	6.297490	
AT4G34131	-11.660360	-13.085058	-5.809239	0.000000	0.000000	0.000000	
AT4G34135	-14.786607	0.000000	0.000000	0.000000	0.000000	0.000000	
AT4G36490	-8.016655	-9.641116	-3.593446	-1.225154	0.000000	0.000000	
AT4G38740	2.796251	3.000853	10.085643	13.552774	0.000000	12.451320	
AT5G03520	-0.627421	-0.092907	6.602979	9.595649	0.000000	8.668416	
AT5G07020	-0.529423	0.014376	6.232854	9.251629	0.000000	8.519136	
AT5G07340	-1.954441	-1.816171	3.255973	5.959269	0.000000	3.988501	
AT5G07450	0.000000	0.000000	-4.356271	0.000000	0.000000	0.000000	
AT5G08139	-3.291162	-2.528174	4.112362	6.975973	0.000000	6.393342	
AT5G09600	1.052311	1.547157	8.060119	11.014936	0.000000	10.260088	
AT5G11260	-2.511534	-1.685787	4.960686	7.672725	0.000000	5.940675	
AT5G11730	-4.685411	-4.426112	2.284644	5.221885	0.000000	4.009564	
AT5G13760	-5.107966	-4.332340	2.998176	6.140600	0.000000	6.180900	
AT5G15160	-6.929126	-7.451940	-0.899801	1.065188	0.000000	0.000000	
AT5G15850	-2.948728	-2.416126	3.640148	5.608678	0.000000	1.647322	
AT5G15860	-2.113885	-1.301064	4.397052	5.692785	0.000000	2.618072	
AT5G15950	-0.468863	0.490703	6.796875	9.129228	0.000000	4.907319	
AT5G15960	-13.687495	-7.762400	4.675701	4.025392	0.000000	0.000000	
AT5G15970	-7.967530	-6.423076	4.941763	5.206012	0.000000	0.000000	
AT5G16760	-0.659857	-0.434988	5.612709	8.391543	0.000000	8.171770	
AT5G17510	-3.626938	-3.456826	3.478881	6.673845	0.000000	5.939916	
AT5G19690	-1.373378	-1.426978	4.608831	7.210190	0.000000	5.912862	
AT5G20030	-6.468102	-5.597576	0.665008	4.013151	0.000000	0.007759	
AT5G23890	-1.334235	-0.371510	6.003234	8.594244	0.000000	6.408547	
AT5G24430	-3.615080	-3.242631	3.338146	6.157210	0.000000	4.012181	
AT5G24850	-3.785626	-4.858823	0.541406	2.837292	0.000000	3.568452	
AT5G35180	-2.427198	-1.965689	4.249256	7.219623	0.000000	5.332144	
AT5G41100	-4.009169	-3.943349	2.155858	4.616836	0.000000	3.447165	
AT5G43940	0.734433	1.214849	7.567801	10.563545	0.000000	9.715521	
AT5G44710	-0.789375	-0.965881	5.271516	7.723110	0.000000	7.244623	
AT5G44785	-2.579106	-2.739639	4.175320	7.191487	0.000000	6.548108	
AT5G47180	-3.450447	-2.547320	3.669376	6.235428	0.000000	1.588487	
AT5G47420	-3.164729	-2.968499	3.306595	5.872770	0.000000	4.431478	
AT5G47610	-7.297360	-7.713053	-3.836142	0.813086	0.000000	3.114441	
AT5G49525	-9.965939	0.000000	0.000000	0.000000	0.000000	0.000000	
AT5G53140	-1.654066	-1.548038	4.668471	8.115541	0.000000	7.767204	
AT5G53540	-2.938528	-2.591197	4.079205	7.291707	0.000000	6.663263	
AT5G54430	-0.098491	0.055372	6.546722	9.632160	0.000000	9.636295	
AT5G54510	-5.126556	-5.762737	-0.806188	0.944732	0.000000	0.000000	
AT5G56100	-6.031166	-9.373168	-1.777297	2.929272	0.000000	9.915756	
AT5G57100	-3.712565	-3.568643	2.394124	5.713088	0.000000	4.056337	
AT5G60360	-5.261596	-5.428493	2.351635	2.973398	0.000000	-1.289176	
AT5G63380	-3.864240	-4.501288	1.426563	3.313420	0.000000	-2.945078	
AT5G65920	-2.757817	-2.687009	3.972847	6.703016	0.000000	5.197445	
AT5G66460	-5.142911	-4.469636	0.345591	2.428347	0.000000	4.461334	
AT5G67330	-3.166367	-2.193372	4.405481	7.057893	0.000000	6.100105	
AT5G67370	-8.526915	-7.021667	0.024331	3.349451	0.000000	2.213120	
