AT5G42330	-2.951229	-5.815682	0.148014	2.762675	0.000000	4.344131
AT5G63450	-11.396748	-8.958967	1.326576	4.005738	0.000000	-0.534257
AT1G01210	-2.828221	-3.621599	3.185147	7.693295	0.000000	7.343088
AT1G04660	4.143381	3.880721	10.559196	13.128155	0.000000	8.045455
AT3G54510	-3.717228	-0.184992	7.032462	10.301059	0.000000	8.871276
AT3G01330	-3.654774	-6.245300	-3.585742	-0.851263	0.000000	-3.509666
AT5G26950	-8.603125	0.000000	0.000000	0.000000	0.000000	0.000000
AT1G50010	1.831953	1.852017	7.377389	8.679643	0.000000	3.385167
AT1G50490	0.647981	-2.048974	2.294263	4.794256	0.000000	3.777119
AT3G18090	-3.847918	-2.640701	3.639254	6.196977	0.000000	-0.877110
AT3G48530	-2.538290	-3.280513	1.613392	4.311475	0.000000	7.020875
AT3G13080	-4.478267	-3.420190	2.057041	4.255333	0.000000	7.587669
AT1G80900	-4.497153	-3.646841	2.799615	5.517492	0.000000	4.201603
AT4G15830	-0.887432	-3.364911	1.053791	2.924594	0.000000	-0.799919
AT3G18165	-1.006066	-1.338741	5.211264	8.253089	0.000000	7.453270
AT5G17450	0.000000	-5.184160	2.894474	4.488242	0.000000	0.000000
AT5G48020	-1.708796	-0.665954	5.734841	7.994461	0.000000	5.401839
AT2G39100	-4.626376	-3.800057	3.061319	6.309992	0.000000	6.744131
AT3G53940	-4.190934	-4.707858	2.123706	5.823278	0.000000	6.541454
AT5G20130	-2.075546	-3.296618	3.425030	6.674077	0.000000	7.001564
AT2G22140	-4.510488	-5.917707	0.374340	3.046383	0.000000	1.782205
AT4G31210	-4.054115	-5.419468	1.264596	4.571373	0.000000	4.687899
AT3G02980	-4.057295	-2.385484	4.057310	6.029467	0.000000	0.000000
AT4G31870	-8.205114	-8.170354	2.700013	6.144356	0.000000	6.654983
AT1G04200	-3.589565	-2.323695	4.145717	7.017998	0.000000	5.201586
AT2G28490	1.107507	4.941221	11.951651	15.092052	0.000000	13.933874
AT1G47670	-2.067071	-2.616458	2.587830	4.126520	0.000000	-0.113151
AT1G62330	-2.232270	-1.631710	4.860184	7.057805	0.000000	3.859144
AT2G13440,AT2G13450	-2.199263	-2.511445	3.611108	6.805058	0.000000	6.202613
AT5G24650	-0.789945	-1.403614	5.092783	8.138948	0.000000	7.685979
AT5G04170	-2.726947	-1.820238	4.862028	7.961149	0.000000	8.488216
ATMG00840	0.000000	0.000000	-2.848035	0.000000	0.000000	0.808509
AT1G80640	-1.625338	-2.632302	2.944642	5.232922	0.000000	1.407665
AT3G24600	-3.838929	-6.834707	-4.409282	-1.025200	0.000000	-0.839400
AT3G18845	-10.918583	0.000000	0.000000	1.239526	0.000000	0.714623
AT3G22620	-12.763343	-6.186990	-0.521428	-1.062654	0.000000	0.432545
AT1G03106	-1.883526	1.060374	8.254736	11.473726	0.000000	11.386810
AT1G01090	3.697748	3.678671	9.426826	11.669422	0.000000	5.830698
AT2G30070	-5.988832	-4.217794	3.068004	5.800031	0.000000	3.478796
AT2G01950	-6.388824	-5.579296	-0.618641	1.673638	0.000000	0.000000
AT4G01080	-6.048245	-4.204632	3.082261	5.890784	0.000000	3.149882
AT1G79040	3.806700	3.659467	8.657393	9.963075	0.000000	5.111488
AT1G01830	-3.533551	-4.695743	2.221524	5.402526	0.000000	2.749225
AT4G11350	-3.493876	-2.096615	4.809445	7.692134	0.000000	4.865155
AT1G15390	-2.689310	-3.841280	2.624481	5.379969	0.000000	5.979355
AT1G07040	-0.493303	0.273025	6.506022	9.414607	0.000000	8.260250
AT5G67630,AT5G67640	-1.861575	-2.630614	4.189051	7.254449	0.000000	7.478026
AT2G47930	-1.568574	-0.073826	6.128055	7.122965	0.000000	0.559390
AT5G10695	-5.968162	-5.820509	1.837893	4.857902	0.000000	7.861158
AT1G15160,AT1G15170	-1.955521	0.042335	7.055273	9.702824	0.000000	7.568708
AT1G23820	1.181827	1.376019	7.569365	9.894943	0.000000	8.199491
AT3G54860	-2.243797	-0.956603	5.440996	8.374945	0.000000	7.826496
AT3G10020	-1.669291	-3.344952	2.487206	7.187479	0.000000	13.547495
AT1G24360	3.605725	3.196873	8.765513	10.958067	0.000000	5.386138
AT1G03890	-4.687547	5.339936	12.825135	15.876979	0.000000	13.396629
AT5G18290	-1.002060	-0.072044	6.736302	9.084666	0.000000	5.375136
AT4G18470	-4.236175	-6.056427	0.719176	3.172597	0.000000	2.633421
AT1G51760	-4.457936	-3.990042	2.994856	5.958585	0.000000	5.740156
AT1G79630	-2.735846	-1.911096	5.063469	8.266900	0.000000	5.279221
AT5G26790	-3.750669	-4.402626	1.782101	3.606908	0.000000	0.000000
AT2G27650	-13.488800	0.000000	0.000000	0.000000	0.000000	-2.562554
AT1G55140	-0.427215	-1.392690	4.634536	7.050170	0.000000	5.719783
AT5G64420	-3.886103	-4.658965	2.226859	5.629411	0.000000	6.380176
AT3G49080	-1.721278	-2.697094	3.593181	6.533921	0.000000	5.461323
AT2G21830	-5.821824	-3.515848	2.921257	5.083966	0.000000	1.481371
AT4G07960	-6.003773	-2.815634	4.436758	7.552817	0.000000	4.398334
AT1G64760	-3.485101	-5.531148	0.455840	2.114182	0.000000	0.000000
AT4G25150,AT4G25160,AT4G25290	-3.781558	-1.440687	5.867791	8.983520	0.000000	7.528071
AT2G47940	0.049489	-1.312654	3.962650	5.936232	0.000000	4.822652
AT2G45790	-0.411998	-1.678006	2.652275	5.379693	0.000000	2.747635
AT4G34520	0.468920	2.606124	9.500274	11.854181	0.000000	3.470892
AT5G59530	0.000000	0.000000	0.000000	0.000000	0.000000	3.942246
AT5G40340	-3.870643	-3.478999	3.310394	6.634052	0.000000	7.880237
AT3G20000	-0.139496	-1.035858	5.408694	8.476145	0.000000	8.292690
AT5G44360	-1.197009	0.131645	6.276053	8.648898	0.000000	5.015299
AT5G35220	-2.225476	-3.923466	2.064640	4.522007	0.000000	4.674317
AT1G44760	0.631479	-0.185816	4.962746	6.301578	0.000000	-0.662255
AT2G04030	-0.062476	-2.150439	5.100282	8.709391	0.000000	9.383453
AT4G33890	-3.935700	-3.024051	3.967115	7.090836	0.000000	6.300192
AT1G05000	-6.931983	-4.263568	3.202374	5.043462	0.000000	2.274244
AT3G26295	0.000000	0.000000	0.000000	-3.694973	0.000000	4.120318
AT1G04550	-0.568173	-0.518638	6.230212	8.981993	0.000000	5.987353
AT3G18580	-2.808758	-4.203789	2.706532	6.314395	0.000000	6.705774
AT1G22350	0.000000	-11.220021	0.854149	6.140080	0.000000	6.678151
AT2G34620	-2.461575	-4.131768	-1.890178	-1.293993	0.000000	0.000000
AT5G55650	-4.608633	-4.943864	1.302313	2.590864	0.000000	0.000000
AT1G11710	-6.741009	-7.271808	-0.097608	2.968617	0.000000	3.738193
AT5G50180	-3.077659	-1.891787	4.754053	7.250178	0.000000	4.212269
AT2G18540	-1.612005	1.582350	8.303436	11.039800	0.000000	9.807201
AT1G18540	2.642017	1.575167	8.029534	11.047378	0.000000	9.793995
AT3G24340	-3.304056	-4.258325	0.745190	2.376968	0.000000	1.394274
AT5G21920	-0.238436	-0.810897	5.148000	7.930813	0.000000	8.470908
AT3G51720,AT3G51730	-0.892943	-1.532165	4.282623	6.382437	0.000000	6.818772
AT3G48250	-5.780701	-6.942756	0.016706	3.800403	0.000000	4.394853
AT1G17870,AT1G17880	1.127010	0.300421	7.095572	10.171614	0.000000	9.696306
AT4G13220	-1.622182	-2.121948	4.331545	7.356941	0.000000	7.880112
AT5G20910	-3.803255	-2.883295	3.827574	6.981688	0.000000	7.738037
AT5G49330	-2.683751	-2.205801	3.178903	5.218125	0.000000	0.000000
AT2G26600	-4.174481	-2.969156	3.638429	5.694165	0.000000	1.988018
AT3G12780,AT3G12800	2.021079	2.353049	8.055323	10.618862	0.000000	8.854744
AT3G54780	-6.829292	-5.676909	0.011250	1.895643	0.000000	-2.028941
AT1G75240	-0.318166	-0.504344	5.772211	8.145094	0.000000	3.600289
AT2G42210	1.171686	0.844385	6.899055	9.698706	0.000000	8.700174
AT2G39990	-0.087815	-0.446604	6.050014	8.951649	0.000000	8.109242
AT1G11545	-3.979455	-1.982052	4.737806	6.913968	0.000000	-0.747955
AT4G24780	-3.029669	-5.118344	-0.296310	-0.095601	0.000000	-1.557932
AT1G21360	-11.957420	0.000000	0.000000	2.150575	0.000000	0.000000
AT3G03130	-2.069922	-4.936274	-0.769740	-1.665620	0.000000	0.000000
AT3G01200	-4.072075	-2.652671	4.366799	7.576057	0.000000	8.223425
AT4G09320	2.417901	2.067860	8.387910	11.029368	0.000000	8.898914
AT1G35610	-8.542018	-8.188497	-2.202886	0.578161	0.000000	0.000000
AT1G14130	-5.389468	-4.460183	2.348095	5.964798	0.000000	6.199715
AT5G55550	-4.345333	-2.565606	4.358832	7.354787	0.000000	4.529230
AT2G07690	-1.317726	-3.795071	1.060107	3.087751	0.000000	0.948253
AT3G32930	-0.273139	-1.020875	4.669172	7.476596	0.000000	7.319828
AT4G12000	-5.307177	-3.538445	3.570481	6.839777	0.000000	6.155093
AT1G48598,AT1G48600	-4.128956	-2.870626	3.508485	6.050259	0.000000	3.370432
