AT3G15670	-3.136677	0.128086	3.873971	6.638422	8.445969	9.876862	
AT5G37790	-1.866860	-3.566814	-4.187918	-4.650779	-8.304813	-9.902561	
AT3G57180	-2.299534	-5.411757	-6.457869	-6.026556	-5.961449	-3.947434	
AT5G06110	-0.933556	-3.295148	-3.434424	-2.403435	-1.824877	-0.072000	
AT1G14290	-3.006408	-4.277608	-5.344423	-6.342711	-10.810027	-7.861535	
AT4G24770	1.743278	-3.333427	-4.456324	-3.811893	-2.077990	1.427084	
AT1G59600	-2.071946	-4.217392	-4.660573	-4.147178	-3.555213	-1.929938	
AT4G23630	1.466091	0.311694	-0.273573	0.240442	1.293028	3.089817	
AT5G38980	-5.509400	-12.663527	0.000000	0.000000	0.000000	0.000000	
AT3G26295	0.000000	0.000000	0.000000	-13.870014	-7.871232	-3.817500	
AT2G40150,AT2G40160	-4.556984	-4.341857	-3.902467	-3.299481	-5.785929	-5.581518	
AT5G59220	0.308026	1.061442	0.264206	-0.049834	-0.371318	-0.782457	
AT1G78580	-1.728807	-1.267162	-0.669451	0.070442	-0.236009	0.195904	
AT4G34588	-0.484758	-1.492204	-1.643192	-1.747492	-4.577665	-7.569574	
AT5G12010	-4.763139	-6.248095	-5.230038	-3.687798	-2.600170	-0.731997	
AT5G33300	-2.349120	-6.625872	-9.235968	-10.262116	0.000000	-8.741239	
AT2G33730	-2.149405	-4.193404	-4.407764	-3.691503	-3.137613	-1.541570	
AT1G13740	-1.434313	-2.613001	-2.991151	-2.110844	-1.020375	0.211480	
AT3G15550	-2.114906	-6.195826	-8.238970	-9.778916	0.000000	-10.031757	
AT3G06610	-0.107597	-2.565445	-2.813262	-1.735584	-1.377814	-0.060880	
AT2G23290	-4.518528	-5.951654	-5.812517	-4.681848	-3.486004	-2.415257	
AT5G67510	-0.385074	-3.727137	-4.032370	-3.460958	-4.185630	-2.624315	
AT1G45145	-7.335977	-7.562734	-6.282619	-5.981244	-3.868333	-0.961142	
AT1G30282	-8.700208	-10.916700	0.000000	0.000000	0.000000	0.000000	
AT1G16080,AT1G16090	-0.901566	-3.380400	-3.604861	-2.921748	-2.795431	-1.282738	
AT4G34620	2.999827	0.789226	-0.346968	0.613537	0.367933	2.412229	
AT4G16830	-0.453022	-2.064065	-2.241676	-1.312762	-0.218407	2.162066	
AT5G13370	-3.876835	-3.833862	-3.686242	-2.083598	-2.395513	-2.122150	
AT5G63280	-2.864431	-4.468512	-4.277857	-3.465023	-2.654410	-0.890597	
AT2G46310	-3.973407	-8.146200	-8.135489	-6.443793	-5.833635	-4.828490	
AT5G03285,AT5G03290	-1.310688	-2.942658	-2.307404	-1.145253	0.481191	2.061539	
AT5G25010	-5.185883	-8.516086	-8.385733	-8.491527	-9.688462	0.000000	
AT1G69770	-1.709867	-6.685463	-8.641462	-9.758118	-11.637386	-9.746970	
AT3G55605	-2.077623	-4.683287	-4.835265	-4.178084	-3.340760	-2.064725	
AT1G51060	1.836476	-2.156008	-3.175283	-2.763865	-1.466852	-0.272077	
AT2G46420	-2.010839	-4.790193	-6.767454	-7.089805	-6.173624	-3.055717	
AT3G42725	-2.723303	-6.849392	-9.821162	-10.549387	0.000000	0.000000	
AT4G28360	-0.287907	-2.121440	-2.788128	-2.544644	-3.999418	-4.162729	
AT1G54450	-6.071328	-6.786256	-6.648633	-6.825626	-8.586788	0.000000	
AT5G58940	-4.902717	-4.841302	-4.716754	-4.118826	-4.431787	-3.172851	
AT1G17490	-1.558756	-1.716104	-1.382427	-0.790098	-1.069007	0.386393	
AT3G19810,AT3G19820	2.542495	0.955660	-0.218829	-0.744191	-2.510071	-0.879802	
AT1G73530	-0.217334	-3.959053	-5.595326	-5.756279	-6.135887	-4.737339	
AT4G20270	-3.705500	-4.199534	-4.518177	-4.726892	-7.388539	-7.255505	
AT1G62610	-1.467397	-0.931120	-1.137155	0.300317	1.102570	0.768801	
AT1G42605	-14.815025	-16.578994	0.000000	-11.275037	-10.543626	0.000000	
AT3G29350	-1.174897	-3.187221	-3.409125	-2.921640	-4.259068	-6.722408	
AT2G44210	-5.274070	-5.370923	-5.088588	-4.544667	-6.182931	-5.207593	
AT4G33360	0.103444	-1.439840	-2.176189	-1.938380	-3.510739	-5.017172	
AT3G46660	-6.669819	-7.946569	-8.196517	-6.730613	-4.245732	-0.246621	
AT4G24830	0.251562	-2.295447	-3.062826	-2.460432	-2.642520	-1.753706	
AT1G65630	-8.383188	-13.374398	0.000000	0.000000	0.000000	0.000000	
AT3G17110	0.000000	0.000000	0.000000	0.000000	-7.169367	-4.754905	
AT5G42750	-7.212507	-10.515714	-9.878306	-8.850954	-12.294443	-6.417745	
AT4G10890	-2.475528	-3.179597	-3.556488	-2.964829	-3.190231	-2.235563	
AT2G47490	-1.557126	-2.812288	-2.670233	-2.540621	-3.533744	-3.473184	
AT3G08010	-1.470020	-4.664912	-4.997949	-3.783005	-2.347416	-0.429303	
AT1G09900	-3.423309	-7.030581	-7.227611	-6.559276	-5.772721	-3.671004	
AT1G78820	-5.349536	0.000000	0.000000	0.000000	0.000000	-11.453827	
AT5G15008,AT5G15020	-3.010247	-3.398174	-3.170404	-2.503085	-2.934233	-1.573553	
AT2G34355	-5.164117	-6.404418	-6.189816	-5.440043	-4.125070	-1.554560	
AT5G23060	1.486410	-0.935459	-3.650519	-5.204824	-8.554793	-8.456152	
AT2G39140	-1.655535	-4.636302	-5.364131	-4.737922	-3.385916	-0.466650	
AT1G65620	-2.486763	-4.341123	-4.946862	-4.804111	-8.973959	0.000000	
AT3G06350	-0.669153	-1.910937	-2.267077	-2.237898	-3.872409	-3.188540	
AT4G30520	-3.524239	-3.927678	-4.484720	-4.613276	-5.933931	-5.330941	
AT4G36610	-11.588631	-6.100159	-6.384299	-8.505606	0.000000	0.000000	
AT4G08685	-2.390131	-3.736491	-1.755044	-1.108020	-3.568724	-8.324307	
AT1G50010	2.411290	0.670392	-0.555746	-1.495397	-4.404737	-4.552651	
AT3G12210	-0.666830	-2.645481	-2.797922	-1.999583	-1.492147	-0.266082	
AT1G19550	-5.437568	-4.284918	-2.602963	-1.438522	-1.257839	-0.046378	
AT4G38040	-2.624603	-3.450087	-3.479954	-2.904472	-3.208232	-2.508368	
AT4G18160	-4.937112	-6.006282	-5.766812	-4.910532	-3.913008	-1.801827	
AT1G26380	0.000000	0.000000	0.000000	0.000000	0.000000	-10.281568	
AT3G53380	-2.664688	-3.503084	-3.554338	-3.312442	-6.029290	-7.013383	
AT5G45350,AT5G45360	-1.051803	-2.152902	-1.925770	-1.112481	-0.379592	1.444089	
AT3G04940	-0.396038	-2.182996	-3.019370	-3.321787	-5.740572	-6.362066	
AT5G43330	-1.427567	-1.736019	-3.043390	-2.945951	-4.945679	-6.000257	
AT2G35450	-1.040618	-2.342456	-3.655126	-4.417427	-8.008059	0.000000	
AT1G69970	0.000000	-6.603997	-6.232518	-6.861517	0.000000	0.000000	
AT2G40170	0.000000	0.000000	-4.919868	-3.405578	5.351690	9.237146	
AT3G15180	-1.887999	-2.946681	-2.692836	-1.219787	0.207183	1.988868	
AT3G53870	2.809467	0.417513	0.125964	0.846220	0.501470	1.969465	
AT5G24520	-1.597755	-3.105637	-3.487757	-3.442868	-4.644156	-4.061158	
AT4G22310	0.477056	-1.631924	-1.970741	-1.403586	-1.297848	-0.090286	
AT5G07470	-0.921590	-1.095915	-1.185607	-0.369126	0.308452	1.499104	
AT2G21790	-0.778245	-4.794428	-6.012062	-5.185045	-4.687109	-2.338381	
AT5G46410	-4.504854	-5.014131	-5.195634	-4.263277	-4.031796	-1.917010	
AT4G31540	-4.152940	-5.044260	-4.655069	-3.891635	-3.569297	-2.108691	
AT3G03780	-5.170260	-3.627244	-3.128696	-4.256092	-7.572261	-7.286776	
AT4G09500	-1.718936	-2.271830	-3.327638	-4.885269	-10.347975	0.000000	
AT2G01275	-12.266885	-10.335536	-8.317665	-4.402257	-0.935187	0.611983	
AT1G05560	-6.664215	-6.935697	-7.560095	-8.219537	-8.724611	-4.810897	
AT5G14360	0.000000	-6.473032	-4.820269	-4.341827	-8.731632	0.000000	
AT3G61880	-7.276527	-4.447247	-2.695163	-2.816664	-4.826322	-6.462374	
AT4G34050	3.306266	2.743694	2.371065	2.012790	-0.923271	-3.891969	
AT3G30842	-9.989719	-4.788116	-5.049440	-4.014405	-4.309806	-7.304330	
AT5G40060	-8.494243	-8.653914	-8.773914	-8.811999	0.000000	0.000000	
AT4G14840	-4.696355	-5.105972	-5.427688	-4.730383	-5.953778	-5.489124	
AT1G69020,AT1G69030	-2.766373	-4.303457	-5.155942	-5.325373	-6.217765	-4.925080	
AT2G18410	-2.295260	-4.211783	-4.363037	-3.489041	-2.681819	-1.068859	
AT5G43010	-0.458926	-2.701764	-3.246323	-2.689675	-2.520418	-1.638852	
AT3G55410	-2.193807	-4.672315	-5.072359	-4.975423	-4.938606	-3.042031	
AT5G08060	0.563097	-1.901591	-2.333883	-2.108111	-1.434341	-0.177870	
AT3G28415	-8.071632	-8.452901	-8.394041	-7.657682	-10.916019	0.000000	
AT4G12290	-6.339501	-3.030070	-1.300451	-0.443477	0.632415	2.078342	
AT5G53080,AT5G53090	-2.433608	-3.368169	-4.231555	-3.735146	-3.628267	-0.972642	
AT3G59770	-3.203855	-3.875259	-4.101146	-3.597310	-4.471360	-3.522878	
AT2G25910	-0.014556	-1.210984	-2.016201	-1.376473	-1.649558	-0.488357	
AT5G66220,AT5G66230	-0.201588	-4.969065	-7.352242	-8.464741	-10.856897	-9.747869	
AT2G17370	-1.132959	-1.434492	-1.800375	-1.937793	-3.308745	-3.221926	
AT3G56680	-0.818819	-3.495592	-3.792205	-2.908198	-2.249023	-0.007330	
AT3G46210	-1.841059	-4.396712	-4.338523	-3.103651	-2.492247	-0.351798	
AT1G17230	-7.295378	-7.275674	-7.227496	-6.487015	-5.363210	-5.073123	
AT5G39820	-5.167874	-6.799931	-7.786350	-8.259307	0.000000	0.000000	
AT1G09130	1.896982	-0.332303	-0.971024	-0.243417	0.465959	1.863721	
AT5G63450	-10.817412	-10.140592	-6.606559	-6.169303	-7.551913	-8.472076	
AT3G08947	-3.213855	-7.154100	-7.096188	-6.057449	-5.572496	-3.781959	
AT3G23790	-4.766567	-5.704620	-5.131036	-3.269884	-1.873163	0.348855	
AT3G15820	1.119906	0.133964	-0.599176	-1.459427	-6.086990	-9.420236	
AT1G19130,AT1G19140	-0.280619	-0.934196	-1.204576	-0.537077	-0.259359	0.915747	
AT5G49710	-1.417903	-1.210822	-0.683079	-0.128145	-0.493118	0.335802	
AT3G16080	2.174768	-0.292931	-0.568901	-0.094769	-1.356682	-0.853424	
AT5G10300	-3.607092	-5.764504	-6.979872	-7.189717	-5.061395	-1.007063	
AT5G40382	-8.961755	-3.956136	-2.548541	-1.335437	0.325566	1.913707	
AT5G65140	-5.885701	-7.527530	-7.438965	-5.589722	-2.110808	-0.519273	
AT1G55900	-1.373860	-3.590808	-3.678989	-2.820205	-2.621129	-1.463416	
AT5G44660,AT5G44650	-0.155244	-3.159009	-4.620603	-4.141087	-4.610871	-3.332786	
AT1G68140	-0.850197	-1.932354	-1.096914	0.393891	0.997893	2.156927	
AT5G04250	-5.594434	-6.724934	-7.482808	-5.160087	-3.283244	-0.241368	
AT5G54000	0.000000	-12.197897	-10.979718	-8.793184	-2.983041	1.144871	
AT2G42750	-1.261100	-1.506512	-1.383647	-0.340014	0.681762	2.642288	
AT5G16550	-3.263499	-4.295898	-4.236237	-2.949787	-0.962186	0.418402	
AT5G26742	1.488322	-1.865133	-2.094389	-1.959368	-2.418294	-0.033347	
AT3G27830	1.905806	-2.190951	-3.987199	-4.318960	-4.376668	-2.364272	
AT3G01435	-2.493187	-3.918419	-3.944474	-2.943324	-2.149464	-0.395102	
AT2G19820	0.000000	0.000000	0.000000	0.000000	0.000000	0.000000	
AT2G27960	-0.645102	-3.149949	-4.020146	-3.852403	-5.055676	-4.262077	
AT3G05880	-0.982325	-1.516944	-1.937912	0.073974	2.308398	2.591143	
AT5G67480	-4.680107	-2.570628	-1.540815	0.229321	1.824687	3.595164	
AT5G52910	-3.907013	-8.311262	-11.371904	-12.261599	0.000000	0.000000	
AT4G18060	-1.602521	-2.265047	-2.994055	-2.869274	-5.285640	-6.981642	
AT3G02290	-2.578961	-2.724712	-2.554522	-1.946858	-2.237015	-0.817525	
AT2G28600,AT2G28605	-1.072350	-3.345400	-3.647344	-3.026609	-3.844928	-2.168419	
AT1G62870	-4.975329	-6.971396	-8.297446	-9.728075	0.000000	0.000000	
AT3G05720	-4.271515	-4.724690	-5.456647	-5.633613	-7.726147	-6.723353	
AT1G32200	-1.143421	-4.377935	-5.090414	-4.980709	-5.667062	-3.806938	
AT1G08170	0.000000	-13.809525	-7.922736	-4.517974	-0.161161	3.016990	
AT1G23010	-1.311653	-1.906638	-2.033333	-1.713882	-2.745601	-4.001891	
AT1G42990	-1.508380	-2.057245	-2.549100	-2.117681	-2.224330	-0.949912	
AT4G23980	-2.432168	-3.662458	-3.880984	-3.496062	-4.529131	-3.792996	
AT1G75200	-2.467558	-5.161776	-5.586938	-4.419738	-3.646047	-2.110320	
AT1G54130	-2.756101	-3.498740	-3.593460	-2.768082	-2.166605	0.676006	
AT3G61450	0.000000	0.000000	0.000000	-10.707596	-5.932114	-2.841715	
AT5G20510	-2.015699	-3.584540	-3.987087	-2.336506	-1.252730	0.302244	
AT4G12010	-5.848094	-7.292551	-8.650431	-8.793300	-9.334212	-8.388617	
AT5G65200	-5.899124	-7.242759	-6.950678	-5.994242	-4.891710	-3.596061	
AT2G47720,AT2G47730	-1.130167	-4.934494	-6.427142	-5.887625	-4.885841	-3.025987	
AT2G47780	-5.762928	-9.507313	-8.647863	-6.454569	-2.599876	-0.161264	
AT2G39250	-9.905933	-2.999108	-2.773800	-1.901113	-1.985120	-3.794133	
AT3G59430	-3.346884	-6.010058	-6.049462	-5.595782	-4.893657	-3.244562	
AT5G08270	-4.160345	-6.463952	-6.431162	-5.074700	-3.726446	-2.029566	
AT2G40940	-3.264828	-4.836749	-6.082739	-6.223221	-10.381468	0.000000	
AT3G46560	-0.210480	-2.757259	-3.225174	-2.342478	-2.111095	-0.268835	
AT3G10760	-2.398949	-3.083623	-3.556268	-3.490245	-4.138414	-3.329868	
AT4G34370	-3.161486	-3.760237	-3.320859	-2.475690	-2.744247	-1.682749	
AT4G38130	0.555728	-1.443877	-1.713550	-1.049952	-0.651239	0.765979	
AT1G08570	-0.807163	-0.836300	-0.298652	0.960773	1.909234	3.370988	
AT1G64190	0.097838	-1.888812	-2.402315	-2.604099	-5.002061	-6.122104	
AT2G33210	-0.545826	-4.245146	-4.875437	-4.165637	-3.581692	-1.898538	
AT5G18290	-0.422723	-1.253669	-1.196834	-1.090375	-3.518998	-2.562682	
AT1G75330	0.578857	-2.090939	-2.387507	-1.641152	-1.481411	-0.247353	
AT1G65920	-6.594011	-6.138222	-5.696507	-4.614182	-4.719668	-4.533775	
AT4G39540	0.070053	-0.856126	-1.723293	-1.733887	-3.781205	-4.194276	
AT1G68330	-8.200146	-9.068286	-12.281894	-12.798143	0.000000	0.000000	
AT4G40065	-12.697096	-6.193595	-3.961217	-3.229560	-3.709844	-5.323459	
AT2G20100	-3.587632	-4.386903	-3.717088	-2.855829	-3.196791	-2.166840	
AT5G40240	-3.768872	-4.101345	-4.322656	-3.660227	-3.509365	-2.458115	
AT2G27710	4.346990	1.930782	1.622686	2.133984	1.022172	2.351751	
AT2G24765	0.423138	-0.902932	-1.710127	-1.545973	-2.704091	-1.655121	
AT5G51210	5.051674	4.590264	4.057390	3.329071	1.260989	1.456565	
AT5G01560	-4.420078	-4.915667	-5.376391	-4.996050	-5.776647	-4.640170	
AT4G02100	-3.963183	-5.757477	-7.118522	-8.224244	0.000000	0.000000	
AT3G48580	-4.608170	-10.478327	-8.559374	-5.161833	0.398737	2.050034	
AT4G21040	-11.064299	0.000000	0.000000	0.000000	0.000000	0.000000	
AT1G24490	-1.990234	-3.964823	-3.591334	-2.136332	-0.664034	1.467423	
AT5G51370	-3.423313	-3.609742	-3.821852	-3.170092	-3.620182	-2.853464	
AT1G07150	-6.978283	-5.377700	-4.993513	-4.121287	-4.634586	-1.773699	
AT1G54350,AT1G54340,AT1G54360	-0.313499	-1.428748	-1.994525	-1.607739	-2.072407	-0.746922	
AT2G36460	-0.310726	-0.500670	-0.553678	0.260203	1.409013	2.875431	
AT2G24170	-3.785301	-3.280523	-3.142341	-3.030646	-6.115052	-10.722905	
AT2G26580	-1.286117	-2.414108	-2.049177	-1.370901	-2.201760	-5.755963	
AT3G17152	0.000000	0.000000	0.000000	-11.599675	-9.282808	-9.105572	
AT1G16630	-2.852565	-6.962815	-9.367325	-10.685625	-11.818067	-11.930187	
AT4G31140	-5.154820	-7.516856	-7.059497	-5.943704	-4.563192	-3.102702	
AT2G30860	-4.410979	-2.367048	-2.710760	-1.257009	0.010299	0.939421	
AT3G10940	-1.027747	-1.986515	-2.971292	-3.254142	-5.381220	-5.177777	
AT1G22930	-3.793374	-3.462782	-2.906035	-1.714618	-0.856745	1.041624	
AT2G28320	-2.326342	-3.262716	-3.539361	-3.275545	-5.234673	-5.554602	
AT3G55250	-1.716283	-4.442746	-5.639980	-5.136032	-3.742658	-1.586483	
AT1G76590	-10.577325	-9.721871	-4.432847	-1.777385	0.009964	1.864690	
AT2G46110	-1.647996	-4.180745	-6.077728	-5.425426	-5.853473	-4.838853	
AT4G20130	-0.999887	-4.917769	-5.457210	-5.029291	-5.601939	-3.371894	
AT3G12080	-1.294248	-3.807249	-4.238581	-3.720120	-3.932114	-1.935316	
AT1G03870	-11.014194	-7.290236	-3.390674	-2.711711	-4.467455	-6.581212	
AT4G28600	-4.274866	-4.830359	-4.609293	-3.874796	-3.457494	-1.776686	
AT5G10650	-7.061491	-5.494451	-4.336912	-2.584272	-1.219624	0.810927	
AT1G77450	-5.531616	-4.371973	-3.158225	-1.666826	0.679058	2.559757	
AT4G21770	-1.562561	-4.801691	-5.405063	-5.302732	-5.816677	-4.316963	
AT5G17530	-0.373642	-1.517306	-1.247945	-0.254945	-1.097814	-0.535127	
AT1G66150	-3.311106	-7.864360	-9.604457	-9.017861	-12.030004	0.000000	
AT3G20240	-2.298805	-4.866536	-5.340560	-4.596721	-4.386077	-3.796090	
AT1G52650	-4.787381	-5.215428	-5.852617	-5.917570	-5.897719	-3.659936	
AT5G39410	-2.195243	-2.473365	-2.270590	-1.200942	-1.155778	-0.073703	
AT2G17450	-4.107291	-4.143125	-3.940202	-3.382530	-2.864256	-1.291224	
AT1G49300	-1.058010	-1.548501	-1.645049	-0.848310	-0.520715	0.638003	
AT1G02150,AT1G02160,AT1G02145,AT1G02170	1.217070	-0.677024	-0.902794	-0.240951	0.282509	1.929108	
AT4G31860	-2.747304	-2.421735	-1.255633	0.086299	1.503217	3.105285	
AT2G19385	-2.510282	-5.504971	-5.390412	-4.358982	-3.823360	-2.397038	
AT3G08720	-5.849643	-4.598444	-2.826511	-0.918181	0.197301	1.089506	
AT5G49215	-3.682680	-4.226543	-5.092785	-6.128188	-11.019101	-8.959220	
AT2G18160	-1.126886	-2.152095	-2.353039	-2.270068	-5.314164	-3.665908	
AT1G20450	-2.760530	-5.682239	-6.477722	-6.659637	0.000000	0.000000	
AT3G25230	0.552959	-1.639487	-1.951411	-0.917619	-0.198421	1.536475	
AT3G55130	-9.098129	0.000000	0.000000	0.000000	0.000000	0.000000	
AT2G37330	-9.167971	-7.532293	-7.411320	-7.144400	-6.385168	-4.584703	
AT4G22290	-1.903121	-1.844962	-2.200392	-2.083808	-3.310032	-2.899592	
AT1G29965,AT1G29970	0.414388	-1.615457	-1.586231	-0.810230	-0.833202	0.084344	
AT4G10080	-2.448754	-3.912622	-4.145866	-3.197715	-2.188592	-0.182238	
AT2G25420	-1.658553	-2.900090	-3.570964	-3.391053	-5.893452	-6.004548	
AT5G05330	-2.045446	-4.158465	-5.514464	-6.062173	0.000000	0.000000	
AT5G17810	-2.671466	-2.794594	-2.685377	-2.708229	-4.603075	-3.862448	
AT5G11450	0.490054	-2.648892	-3.775027	-2.921981	-2.724413	-1.228724	
AT5G36220	-11.996808	0.000000	0.000000	-11.557575	-8.116396	-5.776370	
AT3G26710	-0.840795	-3.272585	-3.668846	-3.417052	-4.173010	-2.737417	
AT3G24600	-3.259593	-8.016332	-12.342418	-11.200241	-10.959768	-8.777218	
AT2G30260	-0.146205	-2.656568	-3.100690	-2.442606	-2.118084	-0.362936	
AT2G47890	0.000000	-7.800816	-5.705907	-4.535590	-2.406145	-0.174444	
AT5G55220	-0.574014	-5.632759	-5.925849	-5.227090	-4.913271	-2.556581	
AT3G61260	-0.302734	-0.487392	-0.613715	0.325234	0.857128	2.535119	
AT3G15810	-4.865987	-4.880352	-4.034251	-3.663023	-4.839513	-6.560156	
AT3G60890	-8.154520	-6.885742	0.000000	0.000000	0.000000	0.000000	
AT1G74370	-4.304059	-7.331825	-7.939460	-5.665093	-1.547995	1.500849	
AT4G00355	-1.124119	-1.765125	-2.073030	-1.283793	-0.721113	1.319678	
AT4G36120	-4.780732	-8.732794	-9.874713	-13.574573	0.000000	0.000000	
AT5G57170	-2.128793	-5.467404	-5.307677	-4.068685	-3.946980	-2.170883	
AT1G17220	-0.817984	-2.915092	-3.428137	-3.456067	-4.901500	-3.439616	
AT2G27650	-12.909464	0.000000	0.000000	0.000000	0.000000	-10.500372	
AT3G21400	-2.184743	-2.713008	-2.734445	-2.100582	-2.044941	-1.298462	
AT3G48195,AT3G48200	-2.370896	-3.379843	-4.858433	-4.486342	-4.044118	-2.517863	
AT1G28630	0.000000	0.000000	0.000000	0.000000	0.000000	0.000000	
AT2G31170	-2.637640	-4.916012	-5.469283	-4.537281	-4.977598	-3.330828	
AT3G52290	-3.569179	-4.216984	-4.726130	-4.437527	-5.158780	-5.813346	
AT3G59550	-3.786551	-8.681159	-10.305503	-10.378310	-11.176769	-9.282436	
AT1G60985	0.000000	-8.363157	-7.512435	-8.042818	0.000000	0.000000	
AT5G19300	-2.633080	-6.024776	-5.578665	-4.431501	-3.866283	-2.053947	
AT1G01500	-3.573150	-3.102823	-3.372601	-2.727116	-2.241141	-1.385619	
AT3G53410	-4.467444	-4.917403	-4.623830	-3.764002	-3.300361	-1.911587	
AT5G53370	-10.841248	-7.893272	-6.488477	-6.205567	-7.661171	-7.123918	
AT5G11310	-5.227149	-7.622045	-7.178405	-5.559481	-4.096804	-2.011492	
AT1G74750	-5.087133	-6.923470	-6.937683	-6.225043	-5.312890	-3.042929	
AT1G73500	-5.790669	-8.726836	-7.907171	-7.124586	-4.304213	-1.662559	
AT4G32600	-3.431866	-4.128389	-3.728633	-2.779130	-2.255130	-0.969631	
AT3G24315	-2.584475	-3.217409	-3.228402	-2.588825	-2.646640	-2.037633	
AT1G08970	1.708546	0.826917	0.493790	0.739497	0.706217	1.720557	
AT3G62090	-4.014518	-1.814511	-0.658456	0.724444	1.648904	2.618030	
AT4G23680	-2.419121	-10.293970	0.000000	-12.284263	0.000000	0.000000	
AT1G20840	-2.947697	-2.903520	-3.511065	-3.462294	-3.911086	-3.466182	
AT4G20320	-0.182814	-5.792929	-8.915220	-9.317178	-7.813133	-4.613597	
AT1G42470	-4.328697	-4.730626	-4.598383	-3.720128	-2.536800	-0.934733	
AT1G24160	-1.657411	-2.327537	-2.544201	-2.045040	-2.294892	-1.363331	
AT2G17940	0.000000	0.000000	0.000000	0.000000	-10.063279	-7.380431	
AT1G28310	-2.762333	-3.613355	-3.300556	-2.746275	-3.659785	-3.967457	
AT1G10630	0.571982	-0.993166	-2.081791	-2.043407	-3.925573	-4.019291	
AT1G07530	-3.754996	-4.344826	-4.464371	-3.477025	-2.728947	-0.340521	
AT1G70840	0.000000	0.000000	0.000000	-11.807735	-6.348459	-3.874880	
AT1G58250	-4.312627	-4.594998	-4.526262	-3.788256	-4.183954	-3.118219	
AT3G24430	-0.893659	-3.698755	-4.453851	-3.938131	-4.927671	-2.925213	
AT3G05840	-0.185081	-1.511661	-1.766806	-1.171902	-1.760412	-1.290994	
AT4G30550	-1.534171	-1.874203	-1.530921	-0.616635	-0.684594	-0.488412	
AT4G22305,AT4G22300	-1.063587	-2.809724	-3.661118	-3.835419	-5.466450	-5.709990	
AT1G15980	-5.231128	-10.699604	-14.309813	-11.536468	0.000000	0.000000	
AT1G47500	-1.245715	-3.740841	-3.836681	-2.893896	-2.235674	-0.430947	
AT5G57420	-3.906936	-4.859951	-5.204556	-5.604318	-10.000682	0.000000	
AT5G57380	-6.721369	-10.823492	-12.654960	0.000000	0.000000	0.000000	
AT5G04170	-2.147611	-3.001863	-3.071107	-2.213892	-1.226330	0.550398	
AT3G03170	-3.768870	-5.371921	-5.302237	-3.885058	-1.786508	-0.387304	
AT3G62910	-1.367201	-4.247817	-5.177626	-5.333193	-6.602633	-3.607965	
AT3G22840	-4.369226	-3.289106	-0.145088	0.589493	0.174319	-0.206436	
AT5G18450	0.000000	-6.404563	-3.240736	-1.105543	0.807379	2.867296	
AT1G35780	-0.686662	-4.977079	-7.055430	-8.082391	-10.588036	0.000000	
AT2G23070	-0.275404	-2.369354	-2.616521	-1.694065	-1.311176	0.477814	
AT1G71500	-0.704679	-3.657240	-4.599555	-4.650794	-4.809031	-3.556837	
AT1G78390	-9.370884	-6.040374	-4.066934	-2.933679	-3.427128	-5.195959	
AT4G17180	-4.453976	-5.811208	-5.897479	-4.945086	-3.823081	-2.014286	
AT3G14700	0.000000	-13.595369	-9.075938	-6.285454	-3.752380	-1.752134	
AT5G64570	0.301486	-3.345413	-7.685422	-9.091229	-11.773966	-12.788608	
AT4G26940	-1.789530	-1.588310	-1.303247	-0.587848	-1.104831	-1.040706	
AT4G02790	-1.148021	-3.905024	-4.403892	-4.156880	-4.019181	-2.572230	
AT2G31270	-1.395078	-4.982340	-6.510625	-7.273949	-11.301031	0.000000	
AT5G25350	-3.568490	-3.773779	-3.259527	-2.044906	-0.541227	1.188047	
AT5G08400	-1.590210	-4.982429	-5.524236	-4.716418	-3.683492	-1.455984	
AT2G47250	-1.409741	-3.680780	-3.733348	-2.630451	-1.914788	0.004300	
AT5G43000	-8.979699	0.000000	0.000000	0.000000	0.000000	0.000000	
AT5G04710	-1.748852	-3.916374	-4.320869	-3.775955	-3.520788	-2.057176	
AT1G57800	-8.728366	-7.287325	-7.700896	-7.126607	-7.659922	-7.770452	
AT5G62990	-5.029033	-7.373669	-7.284390	-6.254701	-4.968148	-3.016595	
AT3G55070	-2.381222	-2.936296	-3.242269	-2.673716	-2.730376	-1.088474	
AT3G43505	-2.344057	0.000000	0.000000	-7.080858	-1.266528	0.329269	
AT1G74730,AT1G74720	0.606939	-2.375419	-2.775559	-2.102178	-1.868802	-2.150212	
AT1G78430	-2.558392	-6.992615	-9.246029	-10.096406	0.000000	0.000000	
AT1G56050	-1.547582	-5.433718	-6.497309	-5.510364	-5.027999	-3.250519	
AT5G24155	0.000000	0.000000	-8.920139	-7.549313	-4.610830	-2.921262	
AT2G15820	-3.999106	-6.585385	-6.856028	-6.162019	-5.891345	-4.002524	
AT1G79850	1.791124	-1.622251	-3.223029	-3.725964	-4.093374	-2.035600	
AT1G34430	2.909352	0.382529	-1.127492	-1.421752	-3.230579	-3.590991	
AT2G41440	-2.586791	-5.415098	-6.652553	-6.732574	-6.380752	-6.190289	
AT2G19490	-2.663322	-6.201112	-6.240761	-4.607699	-3.544812	-1.556644	
AT5G24380	-4.250227	-2.147428	-1.120833	-0.935867	-2.835249	-3.087631	
AT3G02220	0.105229	-2.370637	-2.406924	-1.442777	-0.700927	0.988216	
AT5G12200	-3.601753	-4.242949	-4.873911	-4.356298	-5.017644	-3.913847	
AT3G01720	-3.475908	-3.493081	-3.190970	-2.386472	-3.322695	-4.486642	
AT3G53320	-2.904650	-5.920056	-6.537840	-6.071413	-5.778233	-4.094119	
AT1G54630	3.860461	2.401457	2.088173	2.327896	1.054499	-0.078143	
AT4G33010	0.348242	-1.945217	-3.855936	-4.742185	-6.450816	-4.909719	
AT1G64080	-2.075972	-2.562502	-2.607522	-2.351252	-2.979658	-2.201162	
AT2G45030	-3.349648	-6.110287	-5.396607	-4.070213	-3.399121	-1.399217	
AT2G39730	2.412590	-1.260018	-3.267965	-3.126123	-4.690290	-5.212359	
AT3G30802	-14.962415	-16.726362	0.000000	-12.658528	-12.533893	0.000000	
AT3G19900	-2.092113	-3.107444	-3.187067	-2.042031	-0.784415	1.403592	
AT5G14050,AT5G14060	-0.181129	-2.316084	-2.836646	-2.110868	-2.345929	-1.205071	
AT2G30933	-4.907556	-5.549305	-5.750214	-5.735143	-7.923956	0.000000	
AT1G26440	-5.142516	-5.080349	-4.551612	-3.589575	-3.083052	-1.546466	
AT3G11630	3.191371	0.880018	-0.430733	-0.163905	-1.441887	-0.637395	
AT3G22880	-1.031775	-4.312482	-5.591811	-5.218677	-5.684869	-5.908804	
AT4G19950	-10.918576	-8.359318	-7.628198	-6.482275	-5.514029	-3.440706	
AT4G17790	0.808851	1.727630	1.666218	1.070751	-1.399223	-1.855196	
AT1G56320,AT1G56330	1.753564	0.531197	-0.455628	-0.491102	-2.397032	-2.218110	
AT3G42860	-4.730555	-7.639410	-6.504566	-4.697037	-2.509738	-0.170479	
AT1G03530	-3.960305	-6.137964	-6.064217	-5.335106	-3.979347	-2.429808	
AT1G77110	-2.496690	-6.372650	-7.224369	-7.509073	-9.261893	0.000000	
AT3G21220	-3.440008	-4.989207	-4.833107	-3.996793	-3.343761	-1.942508	
AT2G42190	0.748947	-1.971805	-4.409714	-4.600423	-5.255133	-3.196447	
AT1G08130	-1.127712	-3.240880	-3.611445	-3.069709	-3.157152	-1.763649	
AT2G29300,AT2G29310	0.000000	-10.014815	-10.017882	-5.298608	-0.763544	2.751556	
AT3G17465	-1.919820	-5.140211	-5.350925	-4.254221	-3.959867	-1.943525	
AT3G44670	-3.126816	-3.164482	-3.126412	-2.501434	-3.440250	-2.280578	
AT3G14090	-4.945280	-6.335616	-6.270345	-5.525486	-4.756520	-3.320525	
AT1G03090	-2.733773	-3.078873	-3.173813	-2.338239	-2.739122	-0.810624	
AT3G06770	-4.286851	-5.077432	-5.611472	-6.103351	-12.263203	0.000000	
AT3G61900	-4.500216	-4.094705	-2.499908	-1.903296	-1.491706	-1.689164	
AT3G46630	-1.792748	-4.151546	-4.702978	-3.914097	-3.204348	-1.798852	
AT5G11790	-3.902980	-3.806513	-3.051627	-2.354851	-3.181691	-3.733648	
AT3G23710	-1.808949	-4.818315	-5.035689	-4.233610	-3.493621	-1.949646	
AT3G17130	-3.044499	-2.035930	-0.314481	0.190430	-0.771477	-2.466163	
AT5G10010	-0.822485	-4.712748	-4.931448	-3.373733	-2.550596	-0.510386	
AT2G03540,AT2G03530,AT2G03520	-9.733891	-8.881156	-8.727686	-4.289980	0.907543	3.269865	
AT1G02380	-5.008861	-7.291406	-6.501627	-4.932967	-3.320696	-0.785295	
AT2G39810	-2.970340	-5.111797	-5.242756	-4.484423	-3.930530	-2.038597	
AT4G18580	-4.033786	-4.265940	-3.752151	-2.270709	-1.458500	-0.348130	
AT3G18820	0.110616	-0.159984	-0.259677	0.309259	0.370903	1.354038	
AT4G19200	-3.019760	-3.303236	-3.198095	-2.418004	-2.485245	-0.692741	
AT1G71050	-8.912231	-7.296877	-6.984872	-6.502978	-5.927922	-5.631424	
AT1G76620	-1.488315	-1.995896	-2.266623	-1.871111	-4.084196	-5.869751	
AT2G03090	1.102579	1.302371	2.497185	3.445138	0.719849	-3.468550	
AT5G39730	-2.722171	-2.061333	-1.648110	-0.636141	-0.510473	0.954734	
AT3G19500	-1.514116	-0.834041	-0.895042	-0.711517	-1.933536	-4.052878	
AT3G54990	-6.405202	-3.846396	-3.501261	-2.608873	-2.396105	-2.871415	
AT5G07480	0.000000	-11.897250	-8.253301	-6.157049	-5.973149	-6.066533	
AT3G14020	0.000656	-1.474096	-1.654951	-1.409224	-2.807380	-3.975376	
AT2G34555	0.000000	0.000000	0.000000	0.000000	0.000000	-6.320103	
AT2G37990	-0.224224	-2.411455	-2.362196	-1.394221	-1.139913	0.588889	
AT4G11800	-2.980590	-3.140673	-3.079650	-2.244345	-2.730297	-1.866758	
AT3G10670	-0.512218	-2.809235	-3.360728	-2.380997	-1.890571	-0.566975	
AT2G39750	-2.746053	-3.070356	-3.193540	-2.774937	-3.231664	-2.243423	
AT1G44110	-0.529994	-4.951172	-7.245962	-8.874886	-9.810410	-10.164973	
AT1G74030	2.038226	0.305776	-0.598189	-1.010458	-4.433327	-6.161084	
AT5G22100	-2.377225	-4.895295	-4.667494	-3.741057	-2.707699	-1.222370	
AT5G08670	1.072925	-1.352748	-2.204089	-1.887324	-2.156168	-0.179109	
AT5G56710	3.898263	2.015676	1.650370	2.240966	1.058333	2.125762	
AT5G27770	1.830345	-0.884840	-1.221954	-0.576103	-1.035445	0.332902	
AT5G13140	-1.062954	-2.205431	-4.016572	-5.099397	-12.429776	0.000000	
AT4G13030	-3.938958	-2.597245	-1.771728	-0.686097	-0.837730	-0.098638	
AT2G34490	-8.824668	-4.702066	-3.426550	-2.544020	-2.720470	-6.705001	
AT5G18570	-2.339024	-5.760676	-6.360462	-5.638214	-5.547870	-3.994712	
AT2G46040	-2.895306	-6.142143	-5.886799	-4.438830	-3.560334	-1.912772	
AT1G69410	-1.272988	0.555116	1.026356	2.360812	2.850466	2.933055	
AT5G23340	-4.042490	-5.256404	-4.914522	-3.761131	-2.755895	-0.792518	
AT1G18670	-4.948085	-5.037761	-5.621340	-5.719806	-8.790334	-7.635246	
AT2G22795	-2.384981	-2.160253	-1.881981	-1.518560	-2.827191	-3.367372	
AT1G68340	-5.496946	-6.516535	-5.736089	-4.699535	-3.473319	-1.437407	
AT1G76740	-4.457186	-8.076954	-10.798781	-12.668089	0.000000	0.000000	
AT4G32605	-1.448540	-4.102669	-4.325372	-3.801823	-3.376260	-2.018456	
AT5G25330	-5.159483	0.000000	0.000000	0.000000	0.000000	0.000000	
AT3G02730	1.357372	-0.265439	-1.078211	-1.276250	-3.016140	-5.147939	
AT1G03687	-1.452133	-3.918854	-4.462997	-3.782030	-3.970023	-2.685260	
AT1G49760	0.324799	-1.721512	-1.958368	-1.351056	-2.265659	-1.475228	
AT1G51745	-2.551185	-2.980461	-2.421176	-1.601409	-1.823040	-2.333731	
AT1G30500	-3.020991	-2.049772	-1.380847	-0.568217	0.485915	1.847833	
AT2G42880	-1.791173	-2.085855	-1.904666	-1.138044	-1.678033	-1.234808	
AT1G48610	-0.579626	-3.593786	-4.126984	-3.548830	-4.363340	-3.552870	
AT5G22460	-9.987150	0.000000	-11.782363	-7.449313	0.330847	2.289579	
AT5G67265	-6.716442	0.000000	0.000000	0.000000	0.000000	0.000000	
AT1G74020	-5.241227	-4.451912	-3.951017	-3.650418	-3.881380	-4.076028	
AT2G35550	-5.861138	-7.111906	-6.057919	-4.639595	-2.265345	-0.125268	
AT1G05190	1.762221	-2.306029	-3.875059	-3.864344	-4.901374	-3.036144	
AT4G02200	-2.631683	-3.221535	-3.306455	-2.436885	-2.298091	-1.409066	
AT1G79840	-4.115228	-4.843121	-4.812558	-5.119865	-8.178375	-6.986711	
AT1G03220	-3.441590	-5.785844	-6.646934	-6.593122	-8.176662	-7.362448	
AT5G04370	-14.709616	-5.811413	-4.381257	-4.033294	-5.011651	-5.326655	
AT5G44730	-0.833940	-3.555980	-4.226243	-3.911379	-4.293418	-3.557478	
AT1G45110	-2.497881	-6.245291	-6.747438	-6.366417	-5.447207	-3.364699	
AT3G19260	-3.429448	-4.099934	-3.889170	-2.956856	-3.137165	-2.477895	
AT1G14620	-0.655200	-3.585284	-4.033714	-3.529815	-3.777259	-1.747800	
AT1G77720	-3.573059	-6.914539	-7.613307	-6.468712	-5.707420	-3.709419	
AT2G47220,AT2G47230	-0.279516	-1.293805	-1.815915	-1.765974	-4.499456	-5.158122	
AT4G24240	-3.095321	-7.269289	-9.043983	-7.755943	-10.930492	-10.701750	
AT1G60710	0.029455	-0.657857	-1.085463	-0.831292	-2.275929	-1.911451	
AT3G57860	-3.023386	-7.337791	-8.993081	0.000000	0.000000	-9.366316	
AT5G63040	-2.023833	-4.848469	-5.780882	-5.596950	-5.138083	-3.941686	
AT4G31780	-2.083490	-4.616077	-5.034712	-4.324104	-4.095578	-2.515599	
AT3G62840	1.827217	-0.532457	-0.765542	0.160602	0.891672	2.433159	
AT3G25520	3.540089	1.114312	0.477157	1.173220	0.251449	1.816447	
AT1G22070	-2.942279	-2.884421	-3.246945	-2.943152	-2.443382	-1.416476	
AT3G51670	-0.243804	-3.008970	-4.517614	-5.092062	-8.579762	-8.704147	
AT3G55800	2.047980	-0.569114	-2.203309	-2.452929	-5.077950	-5.188555	
AT1G15440	-2.410288	-5.402282	-5.253671	-3.843561	-3.092223	-1.378497	
AT1G72700	-4.284600	-4.420103	-4.751035	-5.175156	-7.823605	-7.746508	
AT1G03620	-10.884894	-6.633623	-5.398398	-3.485621	-3.391751	-2.257947	
AT2G29390	-0.831996	-2.243374	-2.175815	-1.681561	-2.003889	-2.339550	
AT4G28811	-8.755957	-6.708704	-5.703627	-4.882788	-4.861400	-3.248510	
AT3G14520	-12.951105	0.000000	0.000000	0.000000	0.000000	0.000000	
AT5G22340	-0.882800	-3.469281	-4.267225	-4.072924	-4.959269	-2.986843	
AT1G24735	-5.179915	-1.363435	0.357889	1.995137	2.556243	3.227954	
AT2G44640	-1.227565	-4.203890	-5.021891	-4.750091	-6.029525	-5.111994	
AT3G19680	-4.337826	-3.667133	-2.977619	-2.582357	-3.320469	-3.997121	
AT5G49310	-7.636157	-14.437474	-13.304322	0.000000	0.000000	-10.753475	
AT5G46580	-2.438798	-6.642014	-7.003736	-6.051210	-5.634605	-3.515001	
AT3G17460	-4.396205	-6.290445	-6.134121	-5.148777	-4.733132	-3.727759	
AT4G27657	-4.973856	-4.213728	-3.424720	-2.517637	-2.154687	-1.111378	
AT2G21385,AT2G21390	0.221901	-2.171295	-2.558753	-1.629178	-0.893062	1.242317	
AT2G35075	-7.779759	-6.528564	-6.292516	-4.945141	-5.336273	-4.062141	
AT5G55120	-1.693880	-1.736359	-1.745344	-1.223575	-1.289362	-0.577435	
AT2G30140	-5.367674	-7.776599	-9.160268	-6.728957	-2.224916	0.546190	
AT1G27130	-4.519587	-4.638937	-4.544984	-3.452204	-2.300814	-1.267704	
AT4G32770	-1.383737	-0.482015	0.275657	1.075353	1.148759	1.113199	
AT1G50240	-2.868356	-7.143045	-8.982706	-8.258516	-8.483286	-6.891108	
AT1G11070	-4.047702	-4.055505	-5.128336	-6.701433	0.000000	-9.304753	
AT5G16730	-2.897141	-2.794327	-2.696929	-1.986295	-2.370023	-1.207800	
AT5G65890	-3.157647	-3.639930	-3.802253	-2.696909	-2.122056	-0.470139	
AT2G45640	1.199892	-0.877847	-1.077187	-0.347184	0.201475	1.733030	
AT4G30130	-3.499302	-7.038444	-8.723686	-8.640990	-9.841026	-6.880868	
AT5G23690	-2.749447	-5.331920	-5.553700	-4.254217	-3.501684	-1.925166	
AT1G23070	-11.935232	-8.432296	-7.351671	-4.092671	-0.333296	2.439769	
AT3G16380	-9.266216	0.000000	0.000000	0.000000	0.000000	0.000000	
AT4G34760	-1.532204	-2.453291	-2.999534	-3.313770	-6.349491	0.000000	
AT5G63010	-3.987967	-6.697558	-6.753016	-6.133352	-5.863328	-4.028497	
AT1G44170	-2.011456	-2.460285	-2.999973	-2.686724	-3.482360	-2.385405	
AT4G24690	-0.753405	-1.551975	-1.430316	-0.443985	0.309370	2.117330	
AT3G03776	-9.748298	-13.621551	-11.654378	-11.198941	-6.189774	-2.745752	
AT1G79630	-2.156509	-3.092722	-2.869667	-1.908141	-3.012731	-2.658597	
AT1G74860	-4.098351	-4.407276	-4.187852	-3.447566	-3.121166	-1.596607	
AT5G09900	1.087885	-1.102919	-1.738669	-1.251954	-0.654414	0.850260	
AT1G72040	-1.001197	-3.835319	-3.219850	-1.701718	-0.380969	1.229881	
AT1G76560	-5.187787	-7.517005	-8.304056	-6.626402	-4.618777	-1.638300	
AT1G11710	-6.161673	-8.453433	-8.030744	-7.206424	-6.737327	-4.199625	
AT1G01110	-3.381377	-5.844523	-5.541951	-5.742236	-7.355562	-7.669817	
AT5G38560	-3.503125	-3.877558	-3.322936	-2.488309	-2.621815	-2.196767	
AT4G37210	-0.812596	-3.066023	-3.360698	-2.496861	-2.064345	-0.582377	
AT3G04630	0.430785	-2.767471	-4.610733	-4.044617	-5.857256	-4.433537	
AT5G19700	-10.788675	-14.060034	0.000000	0.000000	0.000000	0.000000	
AT5G56140	-2.693674	-2.621202	-1.876892	-0.628249	-0.140067	1.501214	
AT4G18520	-4.975697	-7.445395	-6.773491	-5.256275	-4.335499	-2.899647	
AT5G63140	-1.951781	-3.427814	-3.850432	-3.920064	-7.577788	-7.791862	
AT2G22690	-4.587330	-5.010567	-4.847695	-4.203843	-3.560633	-1.839810	
AT1G73970	-3.574106	-4.291092	-4.307698	-3.855023	-3.825722	-2.064502	
AT1G63610	0.056285	-3.224089	-4.094408	-3.677486	-3.969381	-3.147670	
AT2G44040	-0.825321	-5.072355	-5.412897	-4.352817	-3.733818	-1.944842	
AT3G49710	-5.999744	-8.216300	-8.555163	-7.511837	-6.463454	-4.450171	
AT2G32660	0.000000	0.000000	-13.467054	0.000000	-12.180594	-6.956042	
AT2G06990	-2.237419	-4.627446	-4.789606	-3.781533	-3.182244	-1.072750	
AT4G25300	-4.389727	-3.876248	-3.715317	-3.475942	-4.976401	-4.641916	
AT3G20260	-1.343099	-3.155496	-4.813566	-5.404828	-7.759118	-8.150635	
AT4G35240	-4.239016	-4.641694	-4.075384	-2.904162	-1.969437	-0.241527	
AT5G42825	-2.889681	-2.815977	-2.435952	-1.267756	-0.423689	1.954804	
AT3G24030,AT3G24040	-1.591367	-2.609044	-3.343781	-3.400647	-4.812794	-3.039200	
AT3G63410	2.470247	0.260605	-0.717070	-0.807214	-2.736542	-2.767515	
AT3G23990	0.139616	-3.348508	-3.722874	-2.567213	-1.809689	0.043524	
AT1G53140	-2.466408	-7.262903	-9.440192	-10.484826	-11.310248	-10.288455	
AT2G38450	-2.192409	-3.706677	-4.025648	-2.457330	-0.961805	0.513096	
AT1G80950	-1.800748	-2.658944	-2.403349	-1.806020	-1.638500	-0.408377	
AT4G16890	-4.270464	-5.122318	-5.589937	-5.337998	-5.981325	-4.871757	
AT2G15440	-4.858609	-4.239146	-3.694891	-3.510402	-5.650101	-4.556795	
AT5G04930	-4.465764	-4.951182	-4.901475	-4.167269	-4.427192	-3.785428	
AT5G60820	-3.880396	-4.587044	-4.885954	-4.864319	-5.931008	-4.422580	
AT5G58140	-3.321382	-6.012611	-7.372408	-7.082488	-7.044171	-5.385907	
AT2G43430	-2.703073	-3.022535	-2.979049	-2.448006	-3.002031	-2.032752	
AT3G27180	-1.676525	-4.943791	-4.963962	-3.761363	-4.368195	-3.118010	
AT2G42840	2.828667	1.649568	2.104098	3.149546	3.687994	0.992228	
AT5G62710	-1.726721	-5.059674	-6.488725	-6.675043	-10.522593	-11.039564	
AT1G11915	0.000000	-9.528997	-6.603015	-7.193884	0.000000	0.000000	
AT2G02220	-4.934267	-5.269830	-4.977713	-4.123826	-4.189223	-2.826786	
AT1G15175	-5.242931	-5.346647	-5.061060	-4.283798	-3.971064	-3.025254	
AT2G31350	-1.240597	-1.344141	-1.366293	-0.450554	0.145798	2.185518	
AT1G32560	-1.435754	-0.775345	-0.131799	1.855077	3.931718	5.926669	
AT1G19300	-7.957584	-7.101176	-6.664495	-6.205740	-7.032735	-6.359873	
AT2G39805	-2.503247	-2.832904	-2.930127	-2.068861	-2.078644	-1.413380	
AT3G58980,AT3G58990	-1.928600	-2.106003	-2.525827	-2.126008	-3.691241	-3.718307	
AT2G28480	-3.594713	-6.431965	-6.826402	-5.566632	-5.062611	-2.750045	
AT3G16160	-8.879971	-12.136644	0.000000	-11.781184	0.000000	-8.543648	
AT1G11430	0.766798	-2.634456	-3.488546	-2.349027	-1.329893	0.036174	
AT2G30010	-4.000313	-5.697721	-6.574820	-7.647667	0.000000	0.000000	
AT1G23400	-2.674445	-5.541142	-5.924218	-4.986203	-4.365672	-2.384343	
AT1G74740	-6.522606	-7.386546	-8.122276	-6.901685	-4.951198	-2.579183	
AT1G78050	-0.159232	-1.112051	-1.928648	-2.238642	-3.971617	-4.610536	
AT3G13580	1.337887	-0.084932	-0.290754	0.212866	-1.071155	0.280194	
AT2G46790	-4.010062	-3.831238	-2.897525	-2.297485	-2.306092	-0.195588	
AT5G48600	-2.060164	-6.140693	-8.543926	-8.021747	-7.402481	-5.605133	
AT1G02405	-9.839907	0.000000	0.000000	-8.965911	-5.176805	-3.269220	
AT5G63570	-0.318132	-3.631730	-4.554164	-3.754205	-3.518150	-2.063209	
AT4G36180	-1.363469	-3.148493	-4.255975	-4.941816	-8.667178	-10.275865	
AT5G07120	-1.791486	-2.690756	-2.890756	-2.988624	-4.116666	-2.887506	
AT4G33210	-2.521319	-2.937080	-3.007812	-2.281270	-2.476139	-0.961370	
AT5G23120	-0.472755	-3.723045	-5.232483	-5.287714	-6.427749	-4.521026	
AT4G36880	-6.567380	-12.362980	0.000000	0.000000	0.000000	0.000000	
AT2G45780	-9.914356	-12.197897	0.000000	0.000000	-8.605436	-6.832013	
AT3G21300	-2.857654	-7.709018	-8.509525	-7.832089	-6.334661	-3.363299	
AT3G09690	-2.746581	-2.892972	-2.977554	-2.541729	-3.139705	-2.421861	
AT5G05110	-4.792239	-4.513770	-3.527023	-2.363339	-0.804252	1.024764	
AT1G71870	-4.758048	-9.873659	-11.191599	0.000000	0.000000	0.000000	
AT1G75500	-0.078668	-2.029664	-3.656369	-4.852031	-6.993871	-9.251860	
AT1G05160	-1.393948	-1.166122	-1.223046	-1.303950	-2.918364	-2.580048	
AT1G64230	0.996684	-0.232607	-0.761297	-0.031899	0.003739	2.610980	
AT1G73940	-0.312630	-2.753422	-3.157970	-2.572937	-2.434054	-0.708841	
AT2G45820	-0.872836	-2.158794	-1.718451	-0.117276	1.000128	2.723398	
AT4G38350	-1.054284	-1.447796	-1.735273	-1.221888	-1.327318	-0.219551	
AT3G14540	-4.548491	-11.635541	0.000000	0.000000	0.000000	0.000000	
AT3G15200	-5.636448	-7.632758	-7.550763	-6.585554	-5.870280	-4.216448	
AT4G12830	-1.601403	-4.610470	-4.921029	-5.202969	-7.441082	-5.841581	
AT1G21090	-0.137672	-1.303056	-2.249302	-2.923927	-6.320087	-7.225298	
AT3G46230	-9.351934	-10.872353	-5.918092	-1.744066	4.103024	6.652218	
AT5G62240	-7.688441	-9.556418	-14.846248	-14.040481	0.000000	0.000000	
AT3G27120,AT3G27130	-3.810852	-7.024917	-6.770373	-4.729248	-4.019620	-2.562092	
AT3G26510	-5.948141	-7.906180	-9.115437	-9.065321	-5.075807	-2.997754	
AT2G38905	-1.200715	1.508436	1.997583	2.396759	3.222514	4.525083	
AT4G21980	-0.616038	-0.205863	-0.076424	0.510748	0.573021	1.875824	
AT1G61065	-2.611050	-3.053589	-3.215398	-2.754182	-2.814786	-1.192388	
AT2G28400	-6.578400	-6.967654	-5.900622	-4.079509	-2.607510	-0.298209	
AT4G33820	-4.625962	-3.631186	-2.576160	-1.786323	-3.223811	-5.829423	
AT5G02910	-4.003625	-4.368380	-4.551904	-3.352434	-3.232477	-1.736138	
AT5G49945,AT5G49940	0.112088	-1.349284	-1.427304	-0.447494	0.601367	2.408056	
AT2G23240	-3.595799	-3.312818	-4.007559	-2.579189	3.044570	6.873619	
AT2G30600	-3.377757	-2.465162	-2.427359	-1.718059	-0.916780	-0.138037	
AT2G05790	0.357414	0.305543	0.436186	0.468321	-2.551421	-4.736903	
AT5G62500	-0.562366	-1.806263	-2.287588	-2.192734	-4.738096	-6.930917	
AT2G39670	-0.780359	-4.826654	-5.219533	-4.585282	-3.580461	-1.198007	
AT2G34380	-4.888842	-5.215496	-4.520152	-3.523410	-3.018304	-1.430542	
AT5G47100	-2.682251	-5.322128	-6.054148	-5.503341	-4.733564	-3.706136	
AT3G49300	-3.572880	-5.996322	-5.621723	-3.760669	-0.864376	1.129546	
AT2G45300	-0.798207	-3.946408	-5.754017	-7.091821	-9.495030	-10.451873	
AT5G18700	-2.799317	-6.603672	-7.602943	-7.817030	-11.065960	-9.416777	
AT5G08610	-2.804910	-7.696669	-7.688057	-7.373911	-5.906190	-1.548130	
AT4G20300	-2.201820	-2.495172	-2.330749	-1.643326	-2.480300	-2.799772	
AT2G29990	-3.879911	-4.000510	-3.577803	-2.562554	-2.330430	-1.495199	
AT1G16880	0.172748	-4.106330	-5.934172	-7.022438	-8.436817	0.000000	
AT4G30850	-1.137576	-1.397431	-1.333806	-1.541971	-5.704710	-8.125605	
AT5G02220	-5.471662	-9.522234	0.000000	0.000000	0.000000	0.000000	
AT3G53890	3.130348	0.591760	0.248413	0.729698	-0.301451	0.426115	
AT3G60370	-1.459112	-4.427639	-5.457254	-5.334312	-6.477127	-3.483371	
AT4G30890	-1.445041	-3.342327	-3.459462	-2.645483	-2.223341	-0.741978	
AT4G37590	-2.310990	-3.859309	-3.675937	-2.766148	-4.090312	-5.522748	
AT5G28300	-2.051418	-1.940904	-2.116337	-1.480453	-1.703800	-0.499033	
AT3G05160	-2.116682	-1.755419	-1.851265	-0.756842	-0.895442	-0.758887	
AT5G24330	-2.092838	-7.368875	-9.660917	-13.312502	0.000000	0.000000	
AT3G47342	-5.733193	-5.161230	-4.642789	-4.020805	-4.664825	-3.858043	
AT1G53250	-3.079647	-6.532523	-6.952052	-7.364161	0.000000	0.000000	
AT1G15310	-2.677240	-2.110732	-2.311846	-1.767833	-2.090138	-1.567571	
AT1G64280	-4.379966	-4.927695	-4.749673	-3.826807	-3.966755	-2.596705	
AT1G08560	1.197511	-3.276475	-5.631535	-6.893356	-8.940115	-7.961116	
AT4G06744	-7.463417	-6.929411	-6.794505	-7.324576	-7.626541	-6.440533	
AT5G47660,AT5G47670	3.916126	2.186666	-0.132978	-1.495302	-2.835458	-1.594564	
AT3G23090	-2.361557	0.823563	1.633458	2.346755	1.751871	0.713140	
AT4G04840	-6.193401	1.178267	1.908687	2.643511	2.522570	0.455752	
AT5G12030	-4.200624	-9.213372	-6.878902	-5.142750	3.731618	6.973047	
AT4G14780	-1.133432	-1.510940	-1.670140	-1.029685	-2.218090	-4.368060	
AT1G59900	-0.493215	-1.832629	-2.262692	-1.714761	-0.969976	1.219993	
AT2G42170	-3.985056	-2.941092	-2.390333	-0.623079	-0.768900	0.477889	
AT4G12382	-11.572232	0.000000	-10.846414	-9.057615	-6.487900	-3.742727	
AT1G59580	-2.721044	-3.021493	-3.575740	-3.430672	-4.702992	-4.025153	
AT3G46010	0.246800	-1.555079	-1.915215	-1.231845	-1.003983	-0.095825	
AT1G10522	-0.557608	-4.741627	-5.379592	-4.660500	-3.723265	-1.740501	
AT1G02870	-1.488182	-4.615538	-4.068631	-2.733205	-1.374625	0.584970	
AT3G29300	-1.182742	-5.408613	-8.189784	-8.908552	-10.646751	0.000000	
AT2G42910	-0.223666	-2.892896	-3.164198	-2.570814	-2.253497	-1.006204	
AT2G42560	0.000000	-6.354923	-6.245570	-2.688766	3.166944	6.095376	
AT2G34260	-2.120818	-4.716155	-4.666297	-3.494204	-3.070010	-0.999362	
AT4G27440	1.773776	-3.241896	-6.266814	-6.516760	-8.806966	-9.613029	
AT1G67310	-3.655369	-3.599050	-3.649706	-3.285041	-3.653878	-2.246774	
AT5G23230	0.000000	0.000000	0.000000	-8.833391	-4.583727	-1.685330	
AT1G49840	-2.604360	-5.313988	-6.288522	-6.937030	-8.343662	-5.301064	
AT2G36990	-1.937434	-5.446573	-7.241615	-7.493295	-7.777320	-5.343506	
AT4G18195	0.000000	0.000000	0.000000	-10.050997	-7.779137	-5.382997	
AT5G08750	-1.740284	-1.883873	-2.257590	-1.830005	-2.432825	-1.460025	
AT4G28440	-0.151386	-2.782930	-3.077935	-2.425417	-2.340832	-1.374961	
AT2G33400	-2.179009	-6.475369	-7.778565	-8.245478	-7.585007	-6.648639	
AT4G31760	-1.300280	-4.633828	-6.191028	-6.827024	-10.640017	0.000000	
AT5G45430	-1.092769	-1.727622	-1.174429	0.054093	0.645288	2.056243	
AT5G52960	-0.672593	-3.522583	-4.340810	-3.706812	-3.637429	-2.455638	
AT3G23570	-1.489667	0.275783	-0.215049	0.166822	0.724928	2.485261	
AT2G38070	-4.809533	-7.539842	-8.004880	-6.766111	-5.265593	-3.147642	
AT4G02070	-3.125218	-6.079220	-6.527152	-6.193900	-5.728820	-3.772643	
AT2G28760	-4.414567	-5.709783	-6.508662	-6.478518	-11.152154	0.000000	
AT1G68400	-2.095502	-3.594198	-4.451154	-4.912118	-8.947371	-9.241799	
AT3G10800	-3.444019	-3.788400	-3.778663	-3.069161	-2.866558	-1.322210	
AT5G14565	-8.251412	-7.202617	-8.831503	-9.784035	0.000000	-10.951202	
AT3G03810	-4.539669	-4.961524	-4.762932	-3.841302	-4.246881	-3.359474	
AT5G32440	-0.665515	-1.656180	-1.688734	-0.997650	-0.325895	1.193094	
AT3G49910	3.222153	0.784760	0.268228	0.916895	0.003882	1.357383	
AT2G29570	0.171467	-4.878313	-6.869949	-6.903713	-6.402390	-4.441608	
AT4G02670	-9.859800	-12.051644	0.000000	0.000000	0.000000	0.000000	
AT3G25597	-8.619454	-8.239645	-7.995502	-7.107640	-9.756760	0.000000	
AT5G04010	0.000000	-9.911601	-7.574321	-4.546171	-1.828925	-0.187811	
AT1G04420	-0.568696	-3.591290	-4.295375	-3.663199	-4.838820	-3.636341	
AT5G52250	-11.141740	0.000000	0.000000	0.000000	-10.156563	-7.736497	
AT4G01590	0.236820	-1.959467	-2.389565	-1.731588	-1.443082	-0.507468	
AT4G29340	0.000000	0.000000	0.000000	0.000000	0.000000	-8.691071	
AT1G07270	-3.789860	-9.131974	-10.954834	0.000000	0.000000	0.000000	
AT1G55200	-2.857945	-6.601940	-9.393105	-9.554840	-12.511131	-10.767588	
AT1G02640	-8.415410	-12.409069	-13.032260	-11.844624	-7.706732	-5.879075	
AT5G04500	-6.823564	-5.216836	-5.332816	-3.037507	-0.897005	1.191013	
AT4G13110	-6.938656	-7.050931	-6.222268	-4.564310	-3.841645	-2.081502	
AT2G15530	-3.040914	-3.184370	-2.987547	-2.144457	-2.803853	-3.191777	
AT1G04030	-1.837487	-3.917947	-4.806651	-4.633433	-4.884780	-3.537530	
AT4G02800	-0.468331	-4.775919	-7.327151	-8.495150	0.000000	0.000000	
AT3G04720	-13.131552	-10.640502	-9.070710	-6.889788	-3.241065	-1.843938	
AT2G32720	0.032721	-0.732574	-1.354956	-1.316095	-3.236760	-3.771984	
AT5G66690	-8.211107	-9.606804	-8.725289	-7.883699	-8.977769	0.000000	
AT4G26750,AT4G26760	-0.060682	-1.727554	-2.671392	-2.596126	-2.572852	-1.318242	
AT3G62120	0.884885	-1.339535	-2.391705	-2.239600	-3.219838	-2.771335	
AT2G19360	0.000000	0.000000	0.000000	0.000000	0.000000	0.000000	
AT5G49440	-0.846300	-3.771160	-5.885782	-7.114791	-8.117304	-3.765391	
AT1G02816	-3.106310	-2.882035	-2.130826	-0.778555	0.632920	1.449664	
AT3G10610	0.218756	-2.703713	-2.879890	-2.553462	-3.203701	-2.408917	
AT5G15240	-2.725612	-3.395578	-3.459928	-2.879939	-2.999059	-2.487657	
AT3G25410	-1.143623	-2.752842	-3.361980	-3.529409	-3.928854	-2.668992	
AT1G77030,AT1G77040,AT1G77060	-1.758277	-4.225834	-4.017065	-2.996395	-2.751357	-1.463871	
AT5G01680	-12.082823	-11.387924	-10.120830	-6.767702	-3.550115	-1.702259	
AT2G06985	0.000000	-3.460283	-1.567064	-0.351163	-1.893011	-1.715408	
AT1G24090,AT1G24095	-3.606340	-5.233993	-5.471396	-4.854431	-3.655899	-1.410394	
AT2G15290	0.707012	-2.016271	-2.803960	-2.122817	-1.854488	-0.610795	
AT2G33340	0.582204	-1.774531	-2.040399	-1.361137	-1.011771	1.173378	
AT3G11240	-4.189069	-4.976555	-5.333223	-4.741245	-5.166224	-4.137169	
AT4G16490	-0.621115	-1.932811	-1.860267	-1.094220	-1.169747	-1.173760	
AT1G64270	-4.193928	-4.093475	-4.417772	-3.180671	-2.934537	-1.637661	
AT4G28050	-0.764281	-1.638108	-2.297942	-2.699049	-5.584113	-7.199121	
AT2G23930	1.537833	-1.331977	-1.592937	-0.835881	-0.667005	0.652937	
AT3G15460,AT3G15470	-1.589975	-3.175932	-2.918304	-2.130327	-1.886592	-0.660967	
AT4G39040	-0.136047	-3.264911	-3.956650	-3.004922	-3.021207	-1.611254	
AT2G45010,AT2G45000	-1.187640	-3.541933	-4.135684	-3.504175	-3.338398	-1.470088	
AT1G79050	-0.048861	-2.822383	-3.331838	-2.531638	-1.843298	-0.171348	
AT1G02560	1.645869	-1.252062	-2.184073	-1.343237	-0.708100	0.850373	
AT4G33800	-3.136132	-2.954523	-3.278891	-3.156090	-3.322561	-1.740621	
AT1G17180	-6.361771	-7.415833	-9.128288	0.000000	0.000000	0.000000	
AT5G57930,AT5G57950,AT5G57940	-0.347949	-2.540045	-2.651191	-1.902917	-1.873362	-0.467464	
AT5G65470	-1.923587	-3.727924	-3.257499	-1.788480	-0.023736	1.496655	
AT3G20150	-3.105658	-6.845917	-8.932364	-9.264461	-12.242930	-10.353716	
AT1G08880	1.042199	-2.463985	-2.875787	-2.364019	-2.043143	-0.961264	
AT2G35900	-1.668072	-2.540301	-2.553618	-1.728901	-0.723766	0.724076	
AT4G00440	-5.205051	-4.212227	-3.642177	-3.027557	-4.284409	-4.148828	
AT2G25520	0.136821	-0.759229	0.066590	1.206433	1.057345	-0.339094	
AT5G15680	-3.469241	-4.248628	-4.232990	-3.326529	-3.072937	-1.783628	
AT5G65450	-4.480348	-4.563547	-4.652749	-3.987181	-5.519366	-5.690132	
AT1G06660	-2.132132	-6.691235	-8.854436	-8.993026	-9.051744	-9.872401	
AT3G45600	-1.922873	-5.013038	-6.790384	-7.609469	-7.932819	-5.497107	
AT3G11170	-0.614129	-3.225942	-4.054102	-3.852309	-4.969624	-4.735991	
AT2G41700	-4.250029	-3.333548	-3.078177	-2.207634	-2.776816	-2.507988	
AT5G01720	-4.299420	-4.294785	-4.570995	-4.316140	-3.476250	-1.290919	
AT1G63800	-0.463124	-0.025360	0.214345	0.595645	0.183344	1.158492	
AT1G26640	-1.196067	-2.470669	-2.804344	-2.526519	-3.467305	-2.745078	
AT3G54550	0.000000	0.000000	0.000000	0.000000	0.000000	0.000000	
AT5G67270,AT5G67280	-0.365810	-3.087999	-3.574548	-3.184793	-5.520742	-9.253562	
AT3G07800	-2.113923	-5.103266	-7.942119	-7.258174	-7.403102	-5.190338	
AT3G18830	-5.119921	-6.204800	-5.919389	-5.167085	-4.205299	-2.565500	
AT5G44700	-3.226335	-3.048628	-3.089987	-2.735998	-4.977646	-6.209421	
AT2G19900	-5.793964	-0.805752	0.081384	2.131771	3.464733	5.005935	
AT2G33180	-1.790801	-4.552705	-5.263590	-4.981949	-5.620841	-4.101439	
AT5G49665	-5.481427	-8.248806	-8.632052	-7.605614	-4.816059	-1.128850	
AT1G06550	-0.098907	-1.507578	-1.989507	-2.318559	-5.286774	-6.000034	
AT2G43535	-4.870376	-1.237072	1.314280	1.953909	0.665161	0.998255	
AT5G58310	-13.393948	-11.633386	0.000000	0.000000	0.000000	0.000000	
AT5G43950,AT5G43960	-1.391792	-3.928339	-4.164765	-3.460573	-2.993336	-1.758494	
AT2G14060	-7.857681	-8.000359	-6.913537	-4.533898	-2.604079	-1.718932	
AT4G13930	1.233828	0.467500	-0.029353	-0.576436	-2.649068	-2.819089	
AT1G66590	-2.451142	-4.050922	-3.899613	-2.586793	-1.587972	0.662644	
AT1G05340	-6.627920	-7.428724	-6.553255	-3.134019	0.872473	3.150499	
AT4G19640	-0.383439	-0.891730	-0.792165	0.011047	-0.214636	0.627712	
AT5G20250	-5.702624	-10.320161	-11.681750	-13.130135	0.000000	0.000000	
AT3G05060	-1.038046	-4.230267	-4.219840	-3.301470	-3.339612	-1.902260	
AT2G22890	-7.250771	0.000000	0.000000	0.000000	0.000000	0.000000	
AT5G57760	0.000000	0.000000	-7.356380	-4.364377	-3.653151	0.000000	
AT4G37070	0.000000	0.000000	-12.921298	-10.819863	-3.751688	-2.201351	
AT1G17140	-1.313352	-4.411274	-5.321763	-5.681573	-8.291944	-8.154421	
AT5G27190	-4.306607	-6.241210	-7.957936	-9.024863	-13.984453	0.000000	
AT4G18390	-1.126454	-2.678386	-3.646070	-3.539234	-2.945777	-1.978710	
AT4G30390	-3.661745	-4.939214	-4.488470	-3.645305	-2.594070	-0.918749	
AT4G22780	-5.554320	-6.995947	-6.819077	-6.529870	-6.246939	-7.005261	
AT3G45730	-8.691220	-6.229457	-5.166532	-4.773357	-5.464642	-6.175468	
AT5G22580	-0.640518	0.003015	-0.370668	-1.171338	-5.391995	-7.471849	
AT5G05160	-4.537217	-5.982932	-8.072337	-8.949162	0.000000	0.000000	
AT5G40800	-5.933964	-5.387541	-6.928914	-7.862136	-8.066356	-5.888304	
AT1G01470	-8.260963	-8.517364	-6.384986	-2.525752	1.399373	3.693378	
AT1G72230	-6.382635	-6.674461	-7.069466	-8.662394	0.000000	0.000000	
AT5G13300	-1.051102	-1.979232	-2.269367	-2.187345	-3.343134	-2.397992	
AT1G23120	0.000000	-11.343017	-10.157430	-8.705957	-5.334277	-2.567955	
AT1G47950,AT1G47960	-8.259467	-4.478186	-3.513487	-3.002818	-3.714380	-3.984361	
AT2G23700	-3.712479	-4.821100	-5.582064	-6.266636	-9.834154	-8.070143	
AT5G14880,AT5G14890	-3.962879	-3.354836	-2.805089	-2.716375	-5.371568	-7.574805	
AT3G48270	-12.671089	-3.822279	-1.608403	0.108662	1.532461	2.632918	
AT1G11870	-1.636897	-4.795366	-5.253508	-4.237678	-4.254093	-2.700398	
AT4G24460,AT4G24470	-0.766576	-2.655371	-2.925562	-2.466541	-1.987515	-0.298187	
AT1G50920	-0.694170	-3.003276	-2.863243	-1.879651	-1.739642	0.208662	
AT2G24020	1.492770	-0.334254	-1.355575	-0.612235	-0.930610	-0.135274	
AT1G52720	-0.723673	-3.257317	-3.769043	-3.694947	-4.369242	-3.770774	
AT3G25882	-3.896165	-4.336786	-3.272569	-2.475664	-2.605634	-2.170253	
AT1G34300	-2.955932	-3.578049	-3.508417	-2.775029	-2.284303	-0.575014	
AT1G17280	-0.630498	-1.114218	-0.942253	-0.110303	0.143499	1.158162	
AT1G59860	-7.130350	-7.582142	-7.771811	-7.995986	-4.903988	-3.222438	
AT5G36002	-5.480026	-8.112698	-9.149640	-9.848186	0.000000	0.000000	
AT3G55360	1.580909	-0.104411	-0.765869	-0.751704	-1.971468	-2.172252	
AT1G54575	-8.936761	-8.032869	-3.081378	-1.802942	-2.234450	-3.937378	
AT5G43560	-2.774309	-3.474796	-3.442529	-2.527557	-2.438116	-1.106638	
AT5G64080	3.403563	3.237456	4.018174	4.693856	4.540966	3.663541	
AT5G24650	-0.210609	-2.585239	-2.840353	-2.036092	-1.450370	-0.251840	
AT2G22740	-2.979041	-3.160355	-3.446268	-2.851558	-3.005171	-2.838394	
AT5G43850	-1.102828	-1.529435	-1.514416	-0.861348	-0.641042	0.159339	
AT2G37080	0.495110	-2.991346	-5.076811	-3.872995	-3.335045	-3.433778	
AT1G73210	-2.206738	-1.272373	-0.918666	0.034780	-0.887853	-0.502810	
AT3G06070	-8.318906	0.000000	0.000000	0.000000	0.000000	0.000000	
AT5G36160	0.501307	-0.281722	-0.674337	-0.576225	-1.499017	-1.133492	
AT1G65820	-0.314124	-0.843805	-0.272061	0.699639	1.829400	3.282212	
AT5G60400	-1.877223	-0.688600	-1.050314	-1.400708	-3.622643	-3.612741	
AT5G19770	0.598642	-1.726354	-2.588078	-2.012364	-2.074369	-0.515489	
AT1G63970	0.170420	-2.273892	-2.875609	-2.036334	-1.136206	0.167753	
AT4G13360	-0.175449	-0.998085	-1.559868	-1.073205	-1.071666	0.721169	
AT5G63790	-5.498406	-7.349799	-6.998441	-5.624945	-4.069354	-1.651265	
AT3G63130	0.006487	-2.756707	-3.148795	-2.981342	-3.494049	-2.483689	
AT4G02580	1.601022	-0.116959	-0.586730	-0.128016	-0.692874	-0.079373	
AT5G62020	-6.450815	-5.690124	-4.995764	-3.986774	-4.004195	-2.960051	
AT5G02960	3.897154	1.603126	1.143754	1.798643	0.757239	2.357198	
AT4G20260	-2.626950	-2.517440	-5.456071	-6.701573	-5.071138	-3.331759	
AT2G40700,AT2G40690	-1.198858	-3.453403	-3.860200	-3.403507	-3.689211	-1.985310	
AT3G45030	1.931229	-0.042965	-0.488728	0.040552	-1.541639	0.322283	
AT1G32540	-0.774787	-6.438183	-10.008723	0.000000	0.000000	0.000000	
AT5G05350	-6.275442	-7.273894	-7.202762	-6.035785	-5.419654	-4.818944	
AT3G19700	0.000000	-12.864070	-11.035130	-9.913392	-11.628713	0.000000	
AT5G22650	1.932251	-0.857562	-0.968834	-0.115382	0.230630	1.671465	
AT1G72830	0.517621	-1.397579	-1.987097	-1.309081	-1.193134	-0.612800	
AT3G30803	0.000000	-12.616891	-10.626517	-9.102933	-9.071673	0.000000	
AT2G23000	-4.978265	-6.075634	-6.720012	-7.703174	0.000000	0.000000	
AT5G50250	-0.169074	-2.683408	-3.348484	-2.428790	-1.672428	-0.255142	
AT1G12040	0.000000	0.000000	0.000000	0.000000	0.000000	-9.762835	
AT4G01670	-9.466447	-12.465030	0.000000	0.000000	0.000000	-7.895100	
AT1G09750	0.544028	-1.693888	-7.962073	-8.921001	-10.359252	-8.958873	
AT3G60250	-0.103507	-1.164699	-1.365990	-1.029006	-1.490152	-0.334983	
AT1G17840	-1.617081	-3.396911	-3.639951	-3.025885	-4.164918	-5.385222	
AT2G28940	-5.303310	-5.277705	-5.071770	-4.010894	-3.772660	-2.585709	
AT1G53510	-1.067438	-1.665415	-1.702126	-1.392018	-2.125983	-1.745046	
AT5G16110	-1.974120	-2.915752	-3.247210	-2.921933	-3.516022	-1.228029	
AT1G18260	-2.631647	-2.260739	-2.346612	-1.883995	-2.312974	-1.026215	
AT1G27880	-3.724444	-7.511631	-8.353809	-7.689336	-8.491525	-6.182541	
AT1G02400	-10.784696	0.000000	0.000000	0.000000	-6.795684	-2.625099	
AT1G03200,AT1G03210	0.621503	-0.450158	-1.104252	-1.232874	-2.412799	-0.524493	
AT3G56090	0.256436	-3.821078	-5.913247	-6.285283	-2.454904	-0.979799	
AT3G26770	-6.936217	-4.560240	-3.258398	-1.827602	-0.302512	1.059233	
AT1G50040	-9.155860	-8.586106	-8.488263	-7.725755	-6.896130	-5.072668	
AT4G18422	0.000000	-6.609157	-5.063893	-5.342172	-8.140620	0.000000	
AT4G08455	-3.108246	-4.585180	-4.818020	-4.196194	-2.951193	-1.389464	
AT5G57590	-2.354091	-4.949313	-5.957457	-5.523946	-7.064044	-6.971762	
AT4G17560	1.056995	-3.494383	-5.590137	-5.785537	-6.441722	-3.826158	
AT5G62130	-3.091261	-3.124121	-3.434451	-3.107693	-3.672949	-2.861577	
AT4G27230	2.555633	0.009743	-0.763896	-1.114380	-1.291004	-0.801434	
AT5G16240	0.394981	0.239140	0.069351	0.384919	-1.809762	-5.057762	
AT3G18070	-6.081398	-6.742628	-9.117499	-8.104272	0.000000	0.000000	
AT3G59870	-2.117151	-4.564261	-5.266129	-4.746414	-4.632032	-3.297929	
AT4G22860	-1.860852	-5.203694	-6.693446	-7.047824	-10.383291	0.000000	
AT1G05320	-5.134090	-5.153903	-5.168848	-5.033072	-7.053833	-6.539491	
AT3G50820	2.548278	-0.840881	-5.614538	-7.947147	-8.014981	-8.199574	
AT5G35450	-5.076042	-4.516332	-3.821815	-2.657175	-2.738177	-2.388681	
AT5G23250	-0.571917	-2.779854	-3.071216	-2.559460	-2.657869	-1.455722	
AT1G24510	1.064452	-1.294397	-1.943783	-1.509342	-1.864507	-0.633307	
AT2G01950	-5.809488	-6.760921	-8.551776	-8.501403	-14.320397	0.000000	
AT5G01490	0.000000	-12.007200	-6.758995	-4.246523	-3.491685	-2.927123	
AT5G49230	-1.672874	-2.395866	-2.490806	-1.955497	-2.757289	-2.447806	
AT4G34240	-2.263935	-4.820562	-5.355500	-4.999318	-5.737976	-5.505780	
AT2G17270	-3.608883	-6.236397	-5.954092	-5.272681	-4.630845	-3.325736	
AT1G80160	-1.349854	-0.124406	0.094317	0.480160	-0.011924	1.107818	
AT1G16030	-6.360350	-6.702397	-5.251807	-2.688955	1.904527	4.293567	
AT1G10640	-0.567531	-2.667869	-6.215351	-9.549170	-12.128461	0.000000	
AT5G54250	-2.107484	-1.812898	-2.096299	-1.943594	-3.802393	-5.001474	
AT3G49590	-2.604351	-3.532649	-4.082321	-3.959207	-6.101408	-6.105232	
AT1G80640	-1.046001	-3.813927	-4.988494	-4.942119	-7.275086	-6.530153	
AT4G35550	-3.831013	-4.365503	-4.658808	-4.390899	-5.602017	-5.193686	
AT4G28910	-0.744894	-2.032958	-1.767514	-0.729257	-0.321363	0.246395	
AT2G35760	-4.728615	-3.098306	-3.784427	-3.524219	-4.030833	-4.284526	
AT2G23770	0.000000	0.000000	0.000000	0.000000	0.000000	-10.634899	
AT5G46680	-6.039157	-6.116265	-6.594306	-5.924598	-6.736207	-5.305952	
AT1G70070	-2.812667	-5.788506	-6.427920	-5.643251	-5.478849	-3.135564	
AT1G53040	-1.837174	-2.961859	-3.488951	-3.315968	-5.306132	-5.533054	
AT3G59660	-1.386106	-1.584602	-1.919641	-1.442989	-2.539950	-1.981287	
AT2G34960	-14.332938	0.000000	-10.523256	-6.865026	-4.558566	-5.151328	
AT5G62550	-0.912766	-4.739026	-7.004074	-8.534632	0.000000	-10.736126	
AT2G31670,AT2G31680	1.360040	-0.749901	-1.552573	-1.338513	-1.207515	0.171279	
AT3G15356	-5.490446	-9.418676	0.000000	0.000000	0.000000	0.000000	
AT3G54380	-2.924984	-4.223540	-4.427131	-3.088637	-2.991747	-0.472701	
AT1G60430	-4.209650	-4.472368	-4.018774	-3.113275	-2.818411	-1.586750	
AT1G49350	-3.415552	-4.842670	-5.024456	-4.728752	-4.032473	-2.069929	
AT5G42520	-0.607776	-1.907937	-1.899763	-1.006484	-0.399512	0.851558	
AT2G41960	-3.351182	-4.232418	-4.377524	-4.000013	-4.578090	-3.273708	
AT5G53860	-0.189447	-2.510116	-3.117627	-2.481235	-2.450812	-0.922049	
AT4G20010	-1.075128	-4.020932	-3.992440	-2.762140	-1.838537	0.088691	
AT5G05730	-2.408421	-4.101075	-4.710444	-4.386097	-6.246360	-4.307969	
AT5G02440	-2.497638	-5.311313	-7.271799	-8.932181	0.000000	0.000000	
AT1G53240	2.487713	0.269678	-0.626482	-0.515874	-1.914061	-1.233582	
AT5G03650	-0.459028	-2.270318	-3.027717	-3.528178	-6.238522	-6.373997	
AT1G13340	-6.908583	-8.822958	-7.974493	-6.531084	-4.268924	-1.098108	
AT1G22920	-0.926719	-3.145741	-3.694182	-2.887623	-2.445715	-1.412973	
AT1G14940	0.000000	0.000000	-7.922835	-4.124662	-1.279503	-1.171018	
AT3G24830	2.937707	0.389876	-0.156203	0.386438	-0.831125	0.518324	
AT3G51920	-4.589688	-2.870946	-2.164807	-1.381036	-1.321533	-1.113943	
AT1G23860	-0.372927	-2.523837	-2.794650	-1.986300	-1.342532	0.254423	
AT3G02200	0.249119	-1.856437	-2.168612	-1.417539	-1.478904	0.517836	
AT1G51070	-0.526982	-3.612704	-5.223890	-5.587484	-6.727735	-4.271317	
AT4G04200,AT4G04210	0.070181	-0.994569	-1.215183	-0.806839	-1.372993	-0.383249	
AT2G26670	-0.234577	-2.889902	-3.243300	-2.417290	-1.697211	-0.147034	
AT2G46630	0.000000	0.000000	-9.210071	-8.907831	0.000000	0.000000	
AT5G49100	-1.838799	-2.764649	-2.949853	-2.726377	-5.527030	-9.060664	
AT1G05000	-6.352646	-5.445194	-4.730762	-5.131579	-5.240382	-5.663575	
AT1G77660	-4.422054	-7.303901	-10.361434	0.000000	-8.732201	-7.649269	
AT2G33040	1.301500	-0.738688	-1.338380	-0.749783	-0.935490	0.137593	
AT2G21970	-1.856407	-1.768620	-2.020179	-1.931327	-2.737434	-1.621274	
AT5G05140	-4.639707	-4.427451	-3.998494	-2.558718	-2.032854	-0.398086	
AT1G66580	2.021928	-0.500121	-1.007944	-0.360783	-0.353024	1.758592	
AT3G60740	-3.295510	-4.618372	-2.450838	-1.384127	-2.143320	-3.015835	
AT4G16620	-6.241481	-4.097577	-2.056050	0.006314	1.367877	2.239912	
AT1G75730	-2.760557	-2.854632	-3.762772	-4.765001	-7.531402	-6.672168	
AT5G17570,AT5G17580	-4.774009	-5.410216	-4.762798	-3.251185	-2.329539	-0.617548	
AT2G20960	-4.605080	-7.925285	-8.950540	-8.274899	-9.728130	-8.421431	
AT2G21870	2.489055	0.276533	-0.262855	0.261410	0.108857	1.451896	
AT2G02160	-2.054944	-3.872523	-4.565611	-4.348256	-4.860608	-2.101756	
AT2G14830	-2.947666	-4.165121	-3.897645	-3.264850	-2.410709	-0.786634	
AT5G60570	-0.381409	-1.510743	-1.649885	-1.143442	-2.144890	-2.532653	
AT4G33140	-0.471160	-0.570238	-0.621830	-0.148343	-1.522447	-2.993344	
AT4G31354	0.000000	-9.874531	-7.909105	-8.203659	-4.657266	-1.688848	
AT5G46860	-1.078745	-2.002296	-1.998022	-1.129626	-0.825482	0.052007	
AT2G03500	-8.427400	-7.139597	-7.549959	-6.851276	-9.459669	0.000000	
AT2G43470	0.000000	0.000000	0.000000	-7.953259	-8.890091	0.000000	
AT1G75370	-3.406411	-3.885535	-3.343830	-2.327266	-1.483528	0.101152	
AT3G53500	0.824020	-1.217234	-1.792043	-1.274947	-0.687054	1.286925	
AT1G16830	-6.334905	-9.170681	-8.875617	-7.654900	-6.489683	-4.756761	
AT1G67730	1.198420	0.586603	0.077292	0.024591	-1.376294	-1.756205	
AT5G17190	-0.595492	-0.535454	-0.326136	0.649086	1.600183	2.724085	
AT3G14930	0.616059	-2.393251	-3.626043	-3.304825	-3.912183	-2.667392	
AT4G14210	-1.337942	-3.341292	-3.308231	-2.542098	-2.240200	-1.256635	
AT4G16155	1.988312	-0.374662	-1.452140	-1.403954	-3.072545	-2.050967	
AT1G08500	-5.486715	-7.821481	-6.230074	-4.002809	-4.359674	-5.499352	
AT3G50830	-3.345995	-3.748149	-3.611058	-2.481038	-1.043314	0.568881	
AT4G37490	-1.690963	-6.171647	-8.366133	-8.546166	-9.456028	-8.087093	
AT4G09250	-0.903847	-2.964581	-3.285597	-2.855544	-3.083765	-1.610143	
AT4G27460	-2.679519	-2.431774	-3.140399	-2.403898	-1.140336	0.222167	
AT1G78240	-3.660795	-3.973144	-3.707085	-2.972032	-3.130474	-2.347482	
AT2G01130,AT2G01140	2.271797	0.924679	0.149082	-0.120712	-1.711582	-0.946613	
AT2G19090	-3.070429	-5.221205	-6.140504	-6.731942	-10.934551	-9.763441	
AT3G48500	-0.806895	-5.282281	-5.857274	-5.211265	-4.349317	-1.680813	
AT5G13690	-1.257130	-1.508875	-1.964609	-1.625033	-3.344458	-3.261093	
AT5G47870	0.778130	-0.454645	-0.848090	-0.255718	-0.202330	0.091517	
AT5G66590	-2.179326	-4.959561	-5.470245	-4.805980	-2.402196	-0.472285	
AT1G31280	-4.019282	-4.265995	-3.750247	-2.589930	-2.422772	-1.462411	
AT1G06350	-7.354952	0.000000	-11.864367	-12.321634	0.000000	0.000000	
AT4G37200	0.179188	-1.493446	-1.929007	-1.745892	-2.544803	-2.043156	
AT2G36130,AT2G36145,AT2G36150	1.672910	0.744880	0.010709	-0.347584	-2.025098	-1.027256	
AT1G77100	-11.944626	-14.811870	-11.308934	-8.646507	-5.567118	-2.297649	
AT1G36220	-10.276950	-7.981471	-6.686792	-5.147605	-5.224818	-3.552392	
AT1G43900	-1.602843	-3.721634	-4.353752	-3.798590	-3.480030	-1.391662	
AT1G08050	-9.484692	-11.155418	-10.318952	-8.820684	-4.660034	-1.164335	
AT3G29075	-3.242030	-5.342029	-6.010133	-5.627876	-4.922628	-3.802825	
AT5G51670	-4.948415	-5.430913	-5.701689	-5.493834	-6.484832	-6.869055	
AT3G20860	-5.859778	-6.175108	-7.374813	-7.859401	0.000000	0.000000	
AT3G13150	-4.556544	-7.536230	-7.342194	-6.719335	-5.437010	-3.947790	
AT3G20270	-2.326010	-3.705709	-5.057454	-5.397439	-4.931323	-2.871029	
AT1G64950	-8.069184	-5.465401	-4.126787	-3.171203	-1.895501	-0.375153	
AT4G35110	-5.391852	-4.596572	-3.524339	-2.713449	-3.966953	-4.684341	
AT2G36380	-4.472273	-3.842011	-2.605504	-1.484106	-1.756130	-2.077038	
AT5G36790	-0.115195	-2.754329	-4.456698	-5.835137	0.000000	-10.188987	
AT3G50700	-5.403148	-7.602841	-8.682176	-8.906088	-12.881050	-7.839220	
AT4G18335	-9.243617	-8.403023	0.000000	-9.505109	0.000000	0.000000	
AT2G33855	-3.835934	-7.249013	-8.290839	-7.965944	-5.790603	-3.306225	
AT2G32550	-2.826843	-5.725055	-9.985610	-10.304591	0.000000	0.000000	
AT1G19730	-1.315524	-1.525395	-1.546368	-0.809743	-0.140998	1.037953	
AT2G39210	-12.317122	-13.611461	-12.648183	0.000000	-10.716212	-7.414604	
AT1G33040	0.787808	-1.461118	-2.470135	-1.968882	-3.039136	-2.587289	
AT5G60690	-1.752161	-2.594423	-2.875464	-2.578624	-4.242620	-4.058000	
AT3G12290	-0.030750	-1.837451	-3.330864	-3.657525	-4.672334	-3.373897	
AT4G24015	-5.890367	-11.557875	0.000000	0.000000	0.000000	0.000000	
AT3G57062	-3.607653	-5.617383	-6.083809	-6.061811	0.000000	0.000000	
AT1G68120	-2.510337	-5.663246	-5.197571	-4.828411	-4.982741	-4.710234	
AT1G11545	-3.400119	-3.163678	-3.195330	-3.261073	-6.572634	-8.685773	
AT1G12064	-0.846608	-0.166226	0.373753	0.848892	0.860969	0.280494	
AT4G03390	-2.735737	-2.976824	-2.853206	-2.006082	-1.752005	-0.903008	
AT3G52340	-1.735939	-1.672885	-1.401549	-0.398558	-0.016184	1.640072	
AT3G17350	-2.779327	-6.164367	-6.678335	-6.060316	-6.799272	-8.774900	
AT3G23180	-12.087373	-5.293162	-3.167113	-1.187817	0.055885	0.408074	
AT2G23010	-6.838061	-8.596234	-7.420965	-8.029656	0.000000	0.000000	
AT3G29200	-0.224331	-0.690004	-0.381273	-0.583545	-2.082889	-2.550191	
AT2G14170	0.606589	-0.565352	-1.066871	-0.695929	-1.224790	0.224836	
AT5G63530	1.003328	0.659667	1.050276	1.713318	1.707174	1.611707	
AT5G16250	1.291791	-3.031655	-5.218556	-6.740362	-10.326520	-9.833019	
AT1G54240	-7.663113	0.000000	0.000000	0.000000	0.000000	0.000000	
AT5G56090	-4.130266	-5.765563	-5.213969	-4.355567	-3.273261	-1.514644	
AT2G36170	1.918027	-0.704050	-1.190974	-0.582914	-1.968752	-0.647078	
AT5G15910	-1.659932	-1.855216	-1.978726	-1.223977	-1.185837	-0.126234	
AT5G02180	-9.781058	-6.871861	-6.254482	-6.509176	-8.920988	0.000000	
AT5G41350	-3.332708	-3.689953	-3.131328	-1.907221	-1.013379	1.007294	
AT3G51800	2.115974	-0.324514	-0.574707	0.275573	-0.074220	1.105981	
AT5G20080,AT5G20070	0.371755	-1.730393	-2.212998	-1.629062	-1.759496	-0.288913	
AT1G71830	-2.281378	-3.792989	-4.483214	-4.268228	-5.578001	-5.229953	
AT3G32930	0.306198	-2.202501	-3.263964	-2.698444	-2.903758	-0.617990	
AT4G16530	-5.082805	-6.313262	-6.086143	-5.187359	-4.082631	-2.167634	
AT1G17830	-4.005598	-1.658946	-1.618684	-0.847562	-2.338640	-3.208367	
AT1G07770	3.446013	1.099288	0.611947	1.205546	0.092006	0.988711	
AT4G18010	-13.151730	-6.879605	-3.394792	-2.424763	-3.997262	-7.429082	
AT1G59740	-9.063802	-10.541038	0.000000	0.000000	0.000000	0.000000	
AT5G16030	-1.047849	-6.817140	-9.726379	-10.529604	-10.396727	-9.373853	
AT2G04039	-3.459880	-2.344829	-1.784755	-1.153970	-2.276392	-3.925585	
AT3G28160	-4.216829	-4.186024	-4.577878	-4.633712	-4.984927	-4.564485	
AT2G40300	-1.940175	-3.700456	-3.998897	-3.435019	-1.167306	-0.793259	
AT1G07080	-0.246265	-1.547260	-2.030019	-0.841118	0.672380	2.910206	
AT5G44100	-1.321050	-2.138101	-2.251917	-1.508178	-1.634360	-0.403409	
AT2G44580	-3.274170	-8.131781	-12.079019	-10.905419	0.000000	0.000000	
AT1G20330	0.030064	-0.825398	-0.888046	-0.765359	-2.040925	-2.311056	
AT5G63950	-2.247015	-6.525553	-8.116814	-8.237878	-7.643613	-4.656763	
AT3G46670	-5.706710	-5.300426	-5.276904	-4.599665	-3.286260	-0.957577	
AT1G27850	-3.711223	-4.400688	-4.507251	-3.997277	-4.243084	-3.264179	
AT3G60780	-6.369596	-6.126749	-5.171619	-3.403552	-2.838851	-5.143987	
AT2G42150	-6.122443	-7.871138	-5.894920	-4.025171	-2.915304	-1.462344	
AT2G39930	-1.854219	-2.952264	-3.693347	-3.677727	-5.431932	-3.366442	
AT4G27150	4.166891	7.066457	5.953501	6.424062	5.437509	4.424861	
AT4G15953,AT4G15950	-0.459844	-2.022182	-2.819337	-2.513606	-3.642566	-2.069928	
AT3G27390	-3.462183	-4.300854	-4.172903	-3.739554	-3.672336	-2.522643	
AT5G40942	-3.879211	-9.097219	-11.662404	0.000000	0.000000	0.000000	
AT3G10270	-2.223183	-5.046034	-5.387977	-4.622007	-4.252638	-2.865619	
AT5G47455	-0.426717	-3.260659	-3.295311	-2.590433	-1.869400	-0.852584	
AT1G14030	-1.477020	-4.273764	-5.476400	-5.967158	-7.885281	-6.703668	
AT4G05070	-3.879329	-6.742252	-7.957248	-7.945038	-5.170730	-0.901264	
AT3G60980	-6.352144	-7.597811	-7.356368	-6.335426	-5.338123	-3.830541	
AT2G16595	-1.230322	-1.499474	-1.299023	-0.771060	-1.234610	-0.068428	
AT5G16750	-2.894850	-5.533162	-5.426913	-4.495178	-4.440713	-2.089605	
AT2G19620	-1.758726	-5.644621	-5.995570	-5.247855	-5.291434	-4.063718	
AT5G24300	0.034222	-1.399742	-2.066157	-2.016607	-3.545997	-3.809724	
AT4G27820	-10.282575	-8.894320	-6.352441	-5.518454	-4.342830	-4.056878	
AT4G27570	-5.820197	0.000000	0.000000	0.000000	0.000000	0.000000	
AT1G03590	-3.569766	-4.063856	-4.058839	-3.421380	-4.301677	-3.830861	
AT4G09800	2.524107	0.414612	0.193826	0.706988	-0.184356	1.043987	
AT5G53260	0.000000	0.000000	0.000000	-10.199220	-3.850896	-0.111340	
AT1G57820	-0.061580	-4.262960	-5.605469	-5.763638	-8.066837	-7.166249	
AT3G15190	1.949401	-1.296376	-2.288607	-1.776836	-1.993326	-0.748784	
AT1G62560	-5.011063	-3.628713	-5.233615	-6.646636	-10.413273	0.000000	
AT4G31680	-2.900310	-8.066710	0.000000	0.000000	0.000000	0.000000	
AT2G22610	-2.281167	-6.106250	-8.314897	-8.789114	-11.106907	-10.520716	
AT3G06790	-0.453939	-2.862102	-3.065472	-2.248317	-1.510156	0.017222	
AT5G67140	-3.372489	-2.892233	-2.399076	-1.882524	-1.930980	-0.862757	
AT1G03120	-0.686322	-1.203283	-1.535327	-0.740145	0.676739	2.119246	
AT3G46666	-10.631934	-11.693106	0.000000	-11.685581	0.000000	-6.968134	
AT5G38280	-3.182273	-3.596528	-4.301099	-4.793854	-7.166144	-7.278172	
AT4G39090	-1.181865	-6.042798	-5.687040	-8.120493	-10.257412	-7.830160	
AT3G47650,AT3G47640	0.350969	-1.983708	-2.000831	-0.722038	1.245298	1.450223	
AT4G23750	-2.191279	-5.579259	-6.149385	-5.125522	-2.975450	-1.554230	
AT4G01650	-2.656316	-3.719074	-4.011759	-3.268220	-2.507167	-0.894581	
AT4G24750	0.234926	-3.197493	-4.698287	-4.051905	-3.573558	-1.277548	
AT5G62210	-0.435625	-2.629628	-4.455925	-5.523975	-3.926668	-3.315980	
AT4G13670	-1.255790	-3.831336	-4.788911	-4.700458	-5.959966	-4.489733	
AT5G36890	-2.191208	-5.315968	-6.681314	-6.271656	-6.682427	-4.279385	
AT1G70590	-3.480899	-4.475965	-4.506393	-3.319809	-2.248409	-0.064081	
AT3G23280	-1.768996	-1.956570	-1.954159	-1.431834	-2.265001	-1.766174	
AT3G62260	-2.644043	-2.861280	-2.589162	-1.562078	-1.003393	0.244789	
AT1G76405	0.488891	-1.908109	-3.010414	-3.657847	-6.210568	-6.969408	
AT3G28220	-6.541709	-5.647670	-4.380187	-4.675772	-6.882808	-8.533105	
AT4G37790	-6.910973	-5.474109	-5.242568	-5.474996	-6.492867	-4.768571	
AT3G22230	1.765304	-1.027523	-1.285056	-0.623126	-0.813546	0.465956	
AT2G37230	-3.079144	-5.651584	-5.784121	-5.222888	-5.174930	-3.766642	
AT5G61780	0.359363	-0.721748	-1.130334	-0.814326	-2.244118	-2.399114	
AT2G41280	-9.046877	-11.893807	-6.302685	-4.510844	2.791811	6.968671	
AT4G24620	1.267639	-0.114866	-1.183577	-1.605682	-4.227042	-4.114050	
AT5G63920	-2.403571	-5.241035	-5.340374	-5.411957	-5.616023	-4.738984	
AT2G32540	0.000000	0.000000	0.000000	-13.038265	0.000000	-6.740941	
AT5G12960	-3.282027	-3.539280	-6.283599	-7.594258	-9.070113	-7.442755	
AT2G40330	-9.199571	-9.418281	-9.631676	-9.971766	0.000000	-7.590892	
AT1G18480	-3.571792	-6.563165	-6.886292	-6.044103	-5.478554	-4.176463	
AT2G20875	-8.396829	-4.805450	-6.137941	-6.931564	0.000000	0.000000	
AT4G39955	-12.051871	-8.944848	-8.420730	-7.747208	-8.158593	-7.270948	
AT5G53470	-1.283222	-2.357844	-2.407875	-1.055072	0.081971	1.253265	
AT4G11140	-4.114085	-8.570255	-8.654330	-8.711276	-4.712420	-0.126913	
AT1G47980	-13.587353	0.000000	-8.531473	-6.375772	-3.477016	-1.932220	
AT4G31330	-6.918743	0.000000	0.000000	0.000000	0.000000	0.000000	
AT4G25433	-8.604171	0.000000	0.000000	0.000000	0.000000	0.000000	
AT1G20220	0.567819	-2.015780	-2.467585	-1.959941	-2.288341	-0.853848	
AT5G39720	0.000000	-10.194363	-4.253369	0.684332	4.001579	5.837929	
AT1G78760	-4.838937	-4.214280	-5.382187	-7.277073	0.000000	-10.159712	
AT1G08360	3.004255	1.138242	0.946878	1.450329	0.320108	1.740218	
AT3G03150	-0.411400	-0.684699	-1.185740	-0.323527	0.853618	1.988200	
AT5G50100	-0.483231	-0.566085	-0.457191	0.388213	0.280253	0.697179	
AT1G18840	-1.397834	-1.264740	-1.294711	-0.554330	-1.223694	-1.489179	
AT4G11570	-1.616973	-1.982798	-1.648659	-0.389362	0.736943	2.423153	
AT4G22340	-2.862215	-3.623251	-3.484012	-2.946553	-2.633706	-0.849501	
AT5G65250,AT5G65260	0.103946	-1.873982	-2.476067	-1.914495	-1.704617	-0.277459	
AT1G49770	-7.421755	0.000000	0.000000	0.000000	0.000000	0.000000	
AT3G15140	-2.041036	-5.103279	-5.852136	-4.990879	-4.626518	-2.750351	
AT5G04860	-5.431921	-6.535614	-6.742288	-5.590437	-4.586843	-2.964789	
AT3G53760	-2.787902	-3.917664	-4.356727	-4.121820	-5.692221	-4.819041	
AT1G56010	-6.001480	-6.119419	-6.651017	-8.078494	-8.140604	-6.778130	
AT2G44710,AT2G44735	-2.556187	-3.836430	-3.621905	-2.804293	-2.274513	-1.012538	
AT2G45510	-1.699402	-1.241249	-1.498455	-0.348885	0.687559	3.063417	
AT1G10690	-6.180412	-6.060726	-5.819701	-4.828869	-5.394944	-4.251529	
AT1G23205	-1.428441	-1.559554	-3.167416	-5.518531	0.000000	-10.313896	
AT1G61700	0.000000	0.000000	0.000000	0.000000	0.000000	-7.441947	
AT3G23070	-2.330537	-4.757929	-4.816364	-4.287681	-4.241887	-2.772406	
AT5G43070	-0.856619	-4.477117	-5.379445	-5.608730	-6.068909	-5.025920	
AT3G14350	-1.221703	-1.310173	-1.660178	-1.477090	-2.992991	-2.435183	
AT3G23640	-0.329313	-0.985918	-1.482165	-0.843840	-2.053711	-2.240632	
AT4G27810	-7.481157	0.000000	0.000000	0.000000	0.000000	0.000000	
AT1G48635	-2.075264	-3.436369	-3.460824	-2.467126	-1.722691	-0.113680	
AT4G03110	-0.466271	-1.382404	-2.465938	-3.382805	-6.798091	-7.731722	
AT5G60210	-1.115338	-2.460126	-2.508113	-2.135945	-4.753781	-6.357789	
AT2G25140	-2.935467	-4.736983	-5.017837	-4.191859	-2.378050	-0.093986	
AT4G35290	-5.062057	-5.901459	-5.822475	-5.784501	-9.482380	-10.884873	
ATMG00840	0.000000	0.000000	-10.781171	0.000000	0.000000	-7.129310	
AT4G34610	-1.331140	-2.356536	-1.967899	-1.447945	-3.425219	-6.388271	
AT3G57110	-6.680975	0.000000	-8.963372	-7.564742	-6.409141	-5.735351	
AT5G14430	-1.033947	-1.652851	-1.990473	-1.676795	-2.769104	-1.978371	
AT5G57120	-0.932308	-3.219268	-3.274694	-2.248116	-1.986493	-0.133515	
AT5G52310	-13.125183	-10.458904	-10.665358	-7.526093	-4.054369	-1.626301	
AT2G25770	-3.264603	-0.240983	0.537757	1.663223	1.933941	0.893666	
AT4G13840	-0.441562	-1.580172	-1.911034	-1.965525	-4.745111	-8.214030	
AT3G51270	-0.911580	-3.493797	-3.278306	-2.037238	-1.715165	0.406422	
AT3G01350	-9.814011	-8.912811	-8.511287	-8.046828	-5.026910	-2.876014	
AT1G45170	-1.281294	-3.501953	-4.067747	-3.991356	-4.141417	-2.921540	
AT2G05220	4.016691	1.807105	1.322287	1.579243	0.196846	1.147370	
AT3G51430	-2.630016	-1.926307	-1.351169	-0.677873	-1.342555	-0.806506	
