AT1G01010	-6.788935	-10.278421	-8.894369	-7.769278	-6.621861	-5.126102	
AT1G01090	4.277085	2.497045	1.493690	1.494381	-0.420017	-2.107120	
AT1G01190	-12.073510	-11.675713	-10.206493	-8.070187	-6.069704	-6.420799	
AT1G01220	-4.920156	-6.378227	-7.099577	-6.027477	-6.828902	-5.660723	
AT1G01250	-4.613106	-2.091902	-1.379591	-0.640080	-0.315526	-1.212209	
AT1G01260	-1.771232	-2.573036	-2.309564	-1.346476	-1.946902	-1.763430	
AT1G01305	-10.953258	-9.213976	-6.308020	-4.400843	-3.784964	-5.519165	
AT1G01490	-0.035199	-0.016172	0.301754	0.995546	0.116990	-1.356118	
AT1G01540	-1.566665	-2.534743	-2.646603	-2.360004	-3.092986	-2.317030	
AT1G01580	-11.555007	-10.193540	-10.248397	-8.243490	-2.480950	-0.593604	
AT1G01620	2.209848	-0.268744	-2.221571	-3.033592	-4.474359	-6.563824	
AT1G01720	-2.816028	-2.739081	-1.748784	-0.279099	1.790120	3.829482	
AT1G02065	0.000000	-12.588936	0.000000	0.000000	0.000000	0.000000	
AT1G02070	-12.338965	-11.053137	-9.025367	-8.005282	-7.911725	-9.743379	
AT1G02090	0.472936	-1.748174	-1.920894	-1.187194	-0.659082	1.083819	
AT1G02170	-3.706356	-4.959656	-5.521382	-5.541821	-6.078414	-5.325467	
AT1G02190	0.000000	0.000000	-11.080745	0.000000	0.000000	0.000000	
AT1G02340	-3.214996	-8.798948	-10.033899	0.000000	0.000000	0.000000	
AT1G02390	-1.726474	-3.598414	-4.901104	-6.132281	-10.896204	0.000000	
AT1G02630	-12.989478	0.000000	0.000000	0.000000	0.000000	0.000000	
AT1G02650	-8.443530	-10.636699	-12.287525	0.000000	-10.261736	-7.499079	
AT1G02670	-5.316447	-7.154935	-8.014497	-8.615196	-11.123375	-5.534494	
AT1G02770	-7.102763	-7.086279	-6.850327	-5.817430	-5.148456	-3.786804	
AT1G02850	-3.107172	-0.751439	1.353544	3.106292	3.035543	3.593765	
AT1G02860	-1.022113	-3.547913	-4.314951	-4.335030	-4.654866	-2.762665	
AT1G02890	-1.378562	-1.957066	-1.944934	-0.886131	-0.724869	1.128569	
AT1G03106	-1.304190	-0.121251	0.321600	1.298685	1.433825	3.448991	
AT1G03457	-0.452472	-1.663434	-2.293215	-2.412558	-5.141920	-6.959922	
AT1G03510	-5.914353	-7.776538	-7.981755	-6.896853	-6.517942	-4.569264	
AT1G03730	-4.890549	-5.877998	-5.044809	-4.632907	-5.493467	-4.178343	
AT1G03770	-3.056221	-3.998274	-3.638426	-2.418675	-1.399827	1.016848	
AT1G03780	-0.897469	-5.309101	-7.040924	-7.019584	-6.260448	-4.094221	
AT1G03880	3.229260	7.654750	7.989068	8.375545	8.492997	8.080640	
AT1G03890	-10.159980	-3.063992	-2.394903	-1.352538	-1.564151	-2.440234	
AT1G03905	-3.789676	-4.133528	-3.901111	-2.795466	-1.501922	-0.399626	
AT1G04180	-7.435337	-8.851833	-11.095947	0.000000	0.000000	0.000000	
AT1G04250	-2.422545	-3.499899	-4.576473	-6.115099	-12.576348	0.000000	
AT1G04550	0.011163	-1.700263	-1.702924	-1.193048	-2.341477	-1.950466	
AT1G04570	-4.737633	-5.297248	-4.805481	-4.634362	-5.296252	-4.946382	
AT1G04600	-6.427300	-8.744036	-8.890744	-8.362778	-10.391139	-8.403789	
AT1G04620	-0.433651	-2.105144	-2.922611	-2.124085	-2.266574	-1.965974	
AT1G04650	-4.111428	-6.621856	-7.379674	-6.848695	-6.500916	-5.887884	
AT1G04660	4.722718	2.699096	2.626061	2.953114	2.233957	0.107636	
AT1G04680	-1.356225	-2.034616	-4.471464	-6.051173	-9.902343	0.000000	
AT1G04690	1.105157	-0.280224	-1.305392	-1.083536	-1.516130	-0.827854	
AT1G04800	-8.337788	-8.844169	-9.217442	-7.759155	-6.609894	-4.146983	
AT1G04820	2.592475	0.298287	-1.102779	-1.990614	-6.050788	-7.104196	
AT1G04840	-7.751467	-9.404009	-10.225283	-8.277894	-8.185728	-6.082750	
AT1G04920	-5.887106	-3.140910	-3.598713	-3.213160	-3.328216	-1.513190	
AT1G04950	-1.806551	-2.776657	-3.234829	-2.695937	-3.362016	-1.637726	
AT1G04990	-2.030169	-1.407336	-1.660904	-1.569865	-3.286851	-2.334594	
AT1G05300	-4.897435	-4.085314	-3.852062	-3.977444	-4.837509	-4.093620	
AT1G05350	-0.372223	-1.350568	-1.847672	-1.494510	-3.324115	-3.647693	
AT1G05410	-1.097528	-2.249608	-2.577749	-2.197646	-2.815609	-2.202894	
AT1G05510	-5.351335	1.469874	3.453177	4.865290	6.006757	7.171084	
AT1G05620	-1.419631	-1.613727	-1.778750	-1.508135	-2.538045	-3.208381	
AT1G05710	-1.670534	-3.445816	-3.594473	-2.867476	-2.176722	-1.225804	
AT1G05750	-5.055527	-7.232718	-7.092567	-5.953620	-5.807125	-4.260539	
AT1G05805	-5.390579	-10.524599	-13.173727	0.000000	0.000000	0.000000	
AT1G05830	-3.277666	-4.043853	-4.114464	-3.399149	-4.131762	-2.898520	
AT1G05870	-0.627066	-2.212085	-2.918057	-3.102809	-4.194591	-3.020250	
AT1G05910	-1.628681	-2.923764	-3.391416	-2.962467	-3.707632	-2.849174	
AT1G05950	-2.941638	-6.154569	-6.952656	-7.195565	-9.599135	-9.958642	
AT1G06080	1.186759	-2.059200	-4.690677	-5.452779	-9.572986	-10.342582	
AT1G06148	0.000000	0.000000	-9.744722	-7.222163	-7.009283	-5.314980	
AT1G06310	-4.040330	-7.759343	-8.644903	-8.922622	-10.301570	0.000000	
AT1G06390	0.104951	-1.384180	-2.171493	-1.907594	-3.366159	-1.569035	
AT1G06410	-2.177345	-3.306936	-3.385350	-2.509516	-2.303759	-0.694982	
AT1G06430	-0.588675	-0.655517	-0.464431	0.201472	-0.315114	-1.040299	
AT1G06770	-2.993493	-4.016761	-4.021531	-3.564485	-4.070318	-3.280915	
AT1G06780	-3.617128	-4.535543	-4.901996	-4.403138	-5.060492	-4.139426	
AT1G06790	-1.011861	-3.130516	-3.127871	-2.696262	-3.005227	-2.354179	
AT1G07010	-1.115692	-1.391050	-1.116221	-0.679869	-2.761172	-4.316908	
AT1G07160	-11.444817	0.000000	0.000000	0.000000	0.000000	-11.242820	
AT1G07210	-0.579128	-3.092422	-3.328246	-2.694699	-2.502593	-1.269288	
AT1G07230	-3.859365	-3.988769	-3.678762	-2.983649	-2.893064	-1.670746	
AT1G07280	-4.830079	-3.601045	-3.747319	-3.759580	-7.455459	-6.747750	
AT1G07440	-2.757955	-5.165796	-7.416925	-7.093624	-9.220747	-6.765348	
AT1G07590	-5.089402	-6.617882	-4.902772	-5.016050	-4.638661	-4.547211	
AT1G07630	-3.976015	-5.330549	-5.082632	-3.663686	-4.301203	-4.950442	
AT1G07745	-3.314883	-3.932358	-4.322074	-3.339166	-3.581863	-2.645930	
AT1G07870	-1.448971	-2.350852	-2.310063	-1.726140	-3.043283	-3.350790	
AT1G07890	2.942289	0.333601	-0.807247	-0.999559	-1.854137	-4.458015	
AT1G08180	-3.546617	-4.382268	-3.375524	-2.393541	-2.428212	-0.792676	
AT1G08320	-10.590244	-12.759664	-12.153157	0.000000	-11.548474	0.000000	
AT1G08510	-1.769659	-3.004649	-3.201705	-2.576548	-2.790481	-1.804376	
AT1G08580	0.138154	-2.446161	-2.269704	-1.621957	-1.530251	-0.445927	
AT1G08650	0.139594	0.175150	-0.344891	-0.000248	-0.120973	-1.012357	
AT1G08680	-1.565260	-3.284500	-3.490616	-2.452951	-2.415104	-1.098424	
AT1G08990	0.000000	0.000000	-11.747488	0.000000	0.000000	0.000000	
AT1G09070	-0.567509	-2.505404	-2.192230	-1.251681	-1.690569	0.740671	
AT1G09250	-3.261019	-3.988503	-3.738528	-3.499579	-3.520063	-2.088274	
AT1G09410	-8.468132	-10.085135	-9.489463	-8.510618	-9.441240	-8.066011	
AT1G09420	-0.079963	-1.309136	-2.057636	-1.705148	-2.316232	-1.444581	
AT1G09470	-0.155242	-3.493111	-5.885174	-7.094473	-13.735628	-8.674641	
AT1G09490	-0.385845	-1.460313	-1.781889	-1.329137	-2.088511	-1.781190	
AT1G09580	-0.860899	-2.190199	-2.706240	-2.701252	-3.791719	-3.994629	
AT1G09645	-1.452116	-1.785407	-1.762950	-1.248956	-1.811511	-1.204935	
AT1G09700	-2.180129	-4.021497	-4.280203	-4.000167	-4.186688	-3.116317	
AT1G09810	-2.733355	-4.774189	-4.672556	-3.511560	-2.466929	-0.413501	
AT1G09940	-5.014001	-6.687570	-6.271182	-5.287629	-4.316384	-2.832101	
AT1G09960	-1.838524	-1.952457	-1.932883	-1.525700	-2.788062	-3.761787	
AT1G10020	-2.894379	-3.957107	-4.344660	-4.333225	-6.322581	-6.817344	
AT1G10170	-2.497666	-4.213399	-4.085343	-3.122943	-2.248844	-0.473847	
AT1G10200	-0.261030	-1.504597	-2.354257	-2.537732	-6.408486	-7.156293	
AT1G10250	-11.203864	0.000000	0.000000	0.000000	0.000000	0.000000	
AT1G10270	-4.329711	-6.846900	-6.370849	-5.398076	-4.419564	-3.205101	
AT1G10410	-1.838282	-2.059039	-2.075436	-1.895535	-2.364660	-1.658458	
AT1G10520	-2.428127	-3.809248	-4.558787	-4.514967	-5.648202	-3.784381	
AT1G10550	-10.972504	0.000000	0.000000	0.000000	0.000000	0.000000	
AT1G10650	-1.586524	-3.721078	-4.053560	-3.878438	-3.824911	-2.486938	
AT1G10680	0.000000	0.000000	0.000000	0.000000	0.000000	0.000000	
AT1G10682	-7.474823	0.000000	-11.606813	-11.155427	0.000000	0.000000	
AT1G10950	0.047283	-0.991321	-1.402007	-1.098796	-2.076952	-1.191632	
AT1G11060	-3.591395	-4.791126	-4.830599	-4.050091	-4.216423	-2.908725	
AT1G11080	0.000000	0.000000	-13.621009	-11.079989	-12.169150	0.000000	
AT1G11170	-1.436344	-1.437609	-0.958700	0.118841	-0.268350	-0.165678	
AT1G11330	-2.349897	-2.980008	-2.823839	-2.213138	-2.916649	-3.730858	
AT1G11370	0.000000	0.000000	0.000000	0.000000	-8.958154	-6.504730	
AT1G11580	-6.285820	-5.976321	-5.552392	-5.741250	-8.882405	-11.378409	
AT1G11740	-9.910300	-8.429351	-7.315906	-6.052123	-7.771049	-13.417611	
AT1G11880	-4.186562	-4.862057	-5.282904	-4.825370	-5.659885	-4.751428	
AT1G12110	-0.930132	-2.225478	-1.751330	-1.462197	-0.256627	-1.299100	
AT1G12550	-1.803775	-3.027372	-3.206482	-3.045459	-4.495302	-4.874232	
AT1G12805	0.351330	-0.044789	-0.242427	-1.031673	-5.352244	-7.671214	
AT1G12900	3.379672	0.678802	-0.510087	-1.291099	-5.789624	-5.324516	
AT1G13570	-2.375778	-3.060185	-3.169259	-2.627309	-2.852031	-2.086440	
AT1G13755	-7.682730	-12.969661	0.000000	0.000000	0.000000	0.000000	
AT1G13760	-10.053466	-12.030537	0.000000	0.000000	0.000000	0.000000	
AT1G14345	-1.325669	-3.790021	-4.829617	-5.769790	-10.288987	0.000000	
AT1G14440	-0.239048	-2.147618	-3.728933	-4.116255	-6.988500	0.000000	
AT1G14630	-3.971232	-4.736108	-4.254395	-4.616832	-6.268755	0.000000	
AT1G14685	-0.568015	-1.865914	-2.212900	-1.716166	-2.052460	-1.546191	
AT1G14730	-7.828009	-7.373474	-7.653142	-7.632118	-7.624575	-11.317524	
AT1G14920	-2.969278	-4.130994	-4.190761	-3.852540	-3.601118	-2.181775	
AT1G15030	-2.672652	-3.355327	-2.530339	-1.003112	-0.904634	-0.767388	
AT1G15080	-1.717234	-4.186417	-4.444729	-4.813640	-7.735658	0.000000	
AT1G15110	-1.973010	-1.962301	-1.921079	-1.436600	-2.091676	-1.300850	
AT1G15125	-7.576326	-10.955309	-10.363475	-8.492892	-7.324809	-5.704008	
AT1G15200	-0.253790	-1.338440	-1.354993	-0.705661	-0.477535	1.386891	
AT1G15210	-5.952822	-8.743331	-9.090712	-11.907743	-13.466656	0.000000	
AT1G15290	0.944172	-2.407417	-4.359701	-5.711247	-9.118450	-8.226733	
AT1G15360	0.000000	0.000000	0.000000	0.000000	0.000000	0.000000	
AT1G15500	1.900396	0.241861	-0.651760	-0.849022	-2.497269	-0.745719	
AT1G15520	-7.926135	-10.131059	-10.277554	-9.726067	-9.821538	-7.553439	
AT1G15660	-1.768793	-5.991354	-8.201191	-7.426740	-7.477809	-5.108717	
AT1G15830	-1.592055	-0.515254	-0.214781	0.155648	-0.622033	-2.724356	
AT1G15910	0.559160	-0.858287	-1.406462	-1.732412	-5.478990	-5.936537	
AT1G15940	-0.881516	-3.140912	-2.932649	-1.753283	-1.170882	-0.290535	
AT1G16020	-1.517804	-2.343398	-2.689203	-2.138307	-3.050349	-3.199312	
AT1G16170	-3.925085	-4.633546	-4.663331	-4.094789	-4.516867	-4.072204	
AT1G16390	0.000000	0.000000	0.000000	0.000000	0.000000	0.000000	
AT1G16489	-5.906613	-6.208074	-6.745074	-6.863149	-8.541844	-5.324623	
AT1G16500	-3.446771	-4.527701	-4.068762	-3.665690	-6.068172	-9.155995	
AT1G16705	-7.354681	-11.517056	-9.989719	-9.976425	0.000000	0.000000	
AT1G16710	-4.259823	-4.869295	-4.738674	-3.895760	-3.965217	-2.498422	
AT1G16720	-1.740459	-1.835302	-1.894532	-1.345191	-2.537064	-2.232580	
AT1G17500	-3.543583	-5.566752	-7.403831	-7.197419	-7.882754	-5.975256	
AT1G17600	-14.124830	-12.692399	-14.439545	-12.742973	-14.588211	-9.050122	
AT1G17770	0.000000	0.000000	0.000000	0.000000	0.000000	0.000000	
AT1G17810	0.100727	1.761948	2.906882	4.315167	4.609101	5.228447	
AT1G18180	-1.417939	-2.362734	-3.045589	-2.929911	-5.121862	-5.200385	
AT1G18200	-1.428020	-2.763799	-2.978399	-2.123947	-1.355220	0.003177	
AT1G18460	-1.525554	-1.930625	-2.218837	-1.613501	-2.544981	-1.959737	
AT1G18660	-1.025031	-1.879827	-2.045555	-1.480850	-2.506579	-2.061022	
AT1G18710	-9.987250	-12.788236	-10.468397	-10.788567	-12.428992	0.000000	
AT1G18900	-3.098514	-5.255249	-4.842100	-3.993538	-3.671057	-2.564315	
AT1G19100	-1.487488	-2.538010	-2.987697	-2.642006	-3.888353	-2.737207	
AT1G19110	-1.794909	-3.581699	-3.610166	-2.817028	-2.742698	-1.134947	
AT1G19180	-1.588479	-2.225065	-1.696906	-0.646795	-0.538919	-0.401155	
AT1G19220	-4.686532	-6.700378	-6.958213	-6.272624	-6.529070	-6.202862	
AT1G19330	-0.229938	-0.794734	-1.273615	-1.906715	-7.464926	0.000000	
AT1G19460	-10.875843	-10.871223	-13.139243	0.000000	0.000000	0.000000	
AT1G19500	-7.379136	-9.694769	-9.971960	0.000000	-10.441873	-5.318632	
AT1G19530	-9.497546	-9.284687	-11.494274	-6.241292	-2.470301	1.617440	
AT1G19540	0.000000	-9.063919	-5.851716	-1.271930	2.055518	4.300146	
AT1G19600	-1.896522	-3.874551	-3.994820	-3.705128	-3.939495	-1.366828	
AT1G19800	-0.715857	-2.808898	-2.952669	-2.256646	-2.580022	-2.440225	
AT1G19830	-1.266891	-4.213673	-5.510866	-7.217299	0.000000	0.000000	
AT1G19835	-2.237448	-0.983001	-0.995375	-0.879224	-2.680024	-4.444958	
AT1G19900	-13.270297	-6.728083	-4.061186	-6.579566	-8.398473	0.000000	
AT1G20010	-0.690091	-2.775424	-5.757373	-8.137432	0.000000	0.000000	
AT1G20065	-5.270570	-7.543036	-9.104669	-9.342602	-7.668589	-5.103397	
AT1G20070	-3.584613	-3.590469	-2.852014	-1.440479	-0.035676	2.177997	
AT1G20225	-1.031391	-1.265190	-1.314829	-0.733142	-0.824799	0.063804	
AT1G20440	-2.874997	-5.365793	-6.385979	-7.257654	0.000000	0.000000	
AT1G20480	-3.037380	-3.932750	-4.044812	-3.844916	-7.358356	-8.177603	
AT1G20620	-2.765180	-4.203119	-4.465164	-2.936265	1.437647	4.756295	
AT1G20630	-0.357924	-1.017006	-0.992613	0.234088	1.029322	1.740932	
AT1G21050	-3.004307	-4.575642	-5.369292	-4.766616	-5.685774	-7.731722	
AT1G21140	-6.981857	-9.588211	-11.340661	0.000000	0.000000	0.000000	
AT1G21310	-3.317823	-3.575251	-5.492826	-6.334083	-9.284014	0.000000	
AT1G21360	-11.378084	0.000000	0.000000	-8.024466	-8.738638	0.000000	
AT1G21560	0.695476	-0.414279	-1.087962	-1.255127	-3.973803	-5.033511	
AT1G21690	-0.014018	-2.651330	-2.983783	-2.283187	-1.806798	-0.372782	
AT1G21740	-2.179295	-3.219482	-3.501138	-3.367313	-5.917148	-6.860934	
AT1G21750	2.286807	1.804387	0.739808	0.838816	-1.079691	-2.195329	
AT1G21830	-3.669732	-3.787575	-3.735984	-3.485589	-4.803141	-6.944745	
AT1G21900	-1.383817	-2.011903	-2.555013	-1.963375	-2.021146	-0.920850	
AT1G21970	-0.527071	-8.194657	-10.981694	0.000000	-8.968306	0.000000	
AT1G22110	-3.199094	-4.271737	-4.715765	-5.006441	-7.120510	-8.637281	
AT1G22180	-5.661829	-3.662915	-2.966815	-1.749841	-1.158737	0.094838	
AT1G22190	-2.320889	-3.868433	-2.749548	-1.371028	-1.536809	-0.939814	
AT1G22250	-1.710278	-4.863199	-6.901038	-6.282599	-5.381104	-4.364842	
AT1G22330	-4.839566	-4.723465	-5.498652	-5.546771	-8.284093	0.000000	
AT1G22403	-2.466733	-3.316789	-3.698654	-4.038108	-5.355040	-3.697735	
AT1G22430	-0.677355	-0.380851	-0.164677	0.424202	0.154024	-0.381019	
AT1G22530	-2.632329	-4.401096	-3.718050	-3.322587	-4.012728	-2.919790	
AT1G22620	-3.378342	-4.465790	-4.448456	-3.621227	-3.364729	-2.010498	
AT1G22650	-1.943233	-6.978283	-8.770789	-9.397459	-11.773368	0.000000	
AT1G22690	0.000000	-13.530807	0.000000	0.000000	0.000000	0.000000	
AT1G22990	0.000000	-9.081792	-8.002377	-9.371425	0.000000	0.000000	
AT1G23000	1.283408	-0.165187	-1.083591	-1.673427	-4.483386	-4.024229	
AT1G23110	-10.402454	-13.725682	-8.381899	-10.317296	0.000000	0.000000	
AT1G23380	-1.711244	-3.468295	-3.513228	-2.884125	-3.771394	-3.262632	
AT1G23540	0.000000	-13.277362	-15.019834	-12.814166	0.000000	0.000000	
AT1G23750	0.897952	-0.316265	-1.025505	-1.511210	-4.887802	-9.246909	
AT1G23870	-6.639949	-9.415664	-9.798647	-7.843856	-8.314172	-5.677196	
AT1G24450	-1.497656	-0.624119	-0.322595	0.079304	-0.716568	-1.859534	
AT1G24530	-3.309910	-7.540704	-8.504216	-7.756176	-7.468917	-3.672957	
AT1G24600	-5.760684	-6.680070	-6.865695	-6.015981	-4.682830	-1.898649	
AT1G25240	-8.722019	-11.085831	-11.947446	-12.548165	0.000000	-9.916252	
AT1G25350	0.757063	-0.580077	-0.960614	-0.589628	-1.739105	-1.224771	
AT1G25400	-9.291710	-12.196070	0.000000	-11.188584	0.000000	0.000000	
AT1G25410	-9.687191	-8.487556	-6.290046	-6.531916	-10.912341	0.000000	
AT1G25440	-3.347057	-6.196591	-9.403116	-12.167060	-11.780556	0.000000	
AT1G25530	0.057860	-0.086011	0.247540	0.859766	0.740986	-0.911231	
AT1G25540	-3.381203	-4.672798	-4.686711	-3.922306	-3.594940	-2.417758	
AT1G25560	-8.865272	-11.279295	-12.526005	-12.890852	0.000000	0.000000	
AT1G25570	-2.783461	-2.761063	-2.850329	-2.827747	-5.020268	-4.944065	
AT1G26260	-1.087365	-1.976634	-2.350575	-2.079789	-3.242035	-2.731319	
AT1G26560	-1.147986	-1.219564	-2.752594	-4.719593	-9.184395	0.000000	
AT1G26660	-2.021501	-4.043170	-3.654537	-2.120834	-1.170536	0.963497	
AT1G26730	-10.590488	-10.025648	-8.275916	-7.250815	-7.136091	-7.014134	
AT1G26770	-0.903931	-3.961906	-2.062736	-0.763113	-5.096895	-10.561934	
AT1G27100	-3.478394	-6.239386	-6.011566	-5.515576	-9.153044	-6.837565	
AT1G27120	-1.727138	-2.517519	-2.930544	-2.843579	-5.118322	-6.983920	
AT1G27140	0.000000	-9.966229	-7.866911	-8.437138	0.000000	-9.246839	
AT1G27350	1.998590	2.975219	3.034523	3.451129	1.907971	1.201528	
AT1G27460	-1.987907	-2.845730	-2.906731	-2.563445	-3.423449	-2.727121	
AT1G27620	-9.463989	-12.225524	-10.546945	-10.213305	-12.592421	0.000000	
AT1G27950	2.999718	1.801660	1.514914	2.294043	2.318775	1.512762	
AT1G28135	-11.762318	-10.384682	-12.621103	0.000000	0.000000	0.000000	
AT1G28200	-1.745995	-2.924409	-2.827488	-2.039152	-1.424789	-0.070333	
AT1G28360	-2.521178	-4.059485	-3.662357	-3.292179	-1.866240	-0.488453	
AT1G28520	-0.982787	-1.033422	-0.927643	-0.132143	-0.350349	0.065047	
AT1G29400	-1.006509	-1.068993	-0.682721	0.058903	-0.675621	0.307424	
AT1G29418	-2.146590	-3.852245	-3.352197	-2.541428	-3.234416	-2.542347	
AT1G29680	-2.500753	0.125132	0.659501	1.615742	2.201947	3.585666	
AT1G30080	-11.790109	-9.570637	-10.537924	-13.082555	0.000000	0.000000	
AT1G30100	-11.201117	-12.351651	-10.843867	-9.083255	-7.523409	-4.809774	
AT1G30270	-1.989794	-2.814452	-2.875546	-2.491305	-3.253253	-2.495165	
AT1G30330	-1.372090	-2.525744	-2.632305	-2.181951	-3.042493	-2.393452	
AT1G30380	3.212774	1.244777	0.061714	-0.856393	-5.863103	-9.650226	
AT1G30480	-2.552302	-4.380997	-4.775760	-3.846508	-3.574582	-1.977412	
AT1G30530	0.247344	-1.375831	-1.740059	-1.539657	-3.531494	-4.596526	
AT1G30610	0.000000	0.000000	-8.102599	-5.209348	-5.167146	-5.941910	
AT1G30825	-2.379231	-4.000104	-4.656880	-4.003310	-4.302663	-3.671781	
AT1G30840	-1.968545	-2.595016	-3.073471	-3.735238	-7.361823	0.000000	
AT1G31010	-1.964619	-4.275449	-3.890136	-2.937081	-3.139106	-1.672352	
AT1G31070	0.218675	-1.030757	-2.103257	-2.248268	-5.051767	-5.907432	
AT1G31330	3.906365	1.063913	-1.135022	-2.421282	-5.731289	-7.424652	
AT1G31355	-3.982282	-4.839711	-4.647428	-4.207756	-4.935350	-4.657116	
AT1G31510	-10.424553	-10.181041	-10.973048	-9.296707	-9.272550	-9.651300	
AT1G31540	-13.887138	-11.661452	-10.265094	-8.982071	-9.977382	0.000000	
AT1G31580	-12.280485	0.000000	0.000000	0.000000	0.000000	0.000000	
AT1G31710	-11.610583	0.000000	0.000000	0.000000	0.000000	-11.613439	
AT1G31790	-6.871663	-8.455177	-7.571182	-6.142701	-4.966604	-3.102809	
AT1G32060	2.319509	0.845359	-0.573378	-1.717964	-5.584147	-7.806305	
AT1G32240	-1.988958	-3.851220	-3.851631	-3.285705	-3.621064	-2.569299	
AT1G32583	-2.076338	-6.245849	-6.831318	-6.658336	-7.933097	-6.839014	
AT1G32780	-4.274786	-8.689919	-10.877272	-11.627468	-12.287316	0.000000	
AT1G32860	-1.816466	-2.912694	-3.681637	-3.074117	-5.258699	-6.657974	
AT1G32930	-1.750416	-5.045868	-6.605127	-7.049329	-11.571232	0.000000	
AT1G33060	-3.043386	-3.671175	-3.780172	-2.983982	-2.555227	-1.393533	
AT1G33240	-6.970119	-7.624300	-6.601528	-6.823982	-7.870187	0.000000	
AT1G33600	-8.950909	-13.878176	0.000000	0.000000	0.000000	0.000000	
AT1G33610	-9.033002	-13.042984	-10.574949	-10.834928	0.000000	0.000000	
AT1G33780	-1.948986	-2.864900	-3.341643	-3.028809	-4.092274	-3.994366	
AT1G34030	2.242135	-0.088925	-0.625219	0.016991	-0.891323	-0.040622	
AT1G34630	-0.924456	-2.619909	-2.988765	-2.227863	-2.643369	-2.695189	
AT1G35140	-6.661306	-6.041466	-5.263939	-4.528088	-7.820972	-7.523579	
AT1G35190	-0.118456	0.219425	0.772162	1.827919	1.858946	1.952723	
AT1G35510	-2.741667	-3.587286	-4.025171	-3.842277	-6.505219	-8.498921	
AT1G35560	-3.748566	-5.162810	-6.423936	-7.621920	-9.724250	-8.021710	
AT1G35670	-2.145482	-3.725843	-4.297893	-4.148261	-5.067085	-3.529019	
AT1G35750	0.000000	-11.718050	0.000000	0.000000	0.000000	0.000000	
AT1G36060	-5.378230	-5.635449	-4.241857	-2.671001	-2.192799	-1.534260	
AT1G43980	-7.230932	-10.112139	-10.063172	-8.745095	-7.487818	-6.226698	
AT1G44350	-9.379386	-11.257250	-7.676757	-5.447263	-2.464789	-0.759177	
AT1G44890	-3.494334	-5.793959	-5.577432	-4.660825	-4.052942	-2.979491	
AT1G46480	-7.701478	-9.118990	0.000000	0.000000	0.000000	0.000000	
AT1G46554	-2.478947	-1.980002	-1.584284	-0.398325	0.285282	1.839466	
AT1G47520	-7.919341	-12.056501	0.000000	-9.668067	-7.680719	-5.011956	
AT1G47540	-2.979464	-2.236005	-2.237955	-1.674864	-2.088562	-2.055553	
AT1G47550	-5.349588	-5.835850	-5.299936	-4.163163	-3.722234	-2.564863	
AT1G47570	-1.874885	-3.180754	-3.309481	-2.215443	-2.070188	-0.731584	
AT1G47990	-5.093689	-12.114822	0.000000	0.000000	0.000000	0.000000	
AT1G48130	-9.697276	-6.901581	-5.784999	-4.505916	-4.843378	-4.450956	
AT1G48470	0.928158	1.801442	1.463570	2.158363	2.057683	2.699574	
AT1G48540	-2.134841	-2.407912	-2.789285	-2.255601	-2.447689	-1.492036	
AT1G48800	-10.021959	-6.059515	-5.320744	-4.978012	-8.668844	0.000000	
AT1G48880	-4.411527	-4.985918	-4.954879	-4.614428	-5.238684	-4.823049	
AT1G48990	-4.908495	-5.040690	-4.831189	-4.136584	-3.748621	-2.905900	
AT1G49000	-7.607119	-7.127553	-6.400301	-6.493024	-6.415666	-5.411185	
AT1G49475	0.384307	-0.632156	-0.650385	-0.147100	-0.200834	0.151280	
AT1G49650	-3.482637	-7.057297	-7.460700	-5.729418	-3.955053	-1.395816	
AT1G49730	0.192970	-0.421999	-0.781623	-0.437916	-2.747713	-6.271383	
AT1G49780	-4.879111	-6.335707	-6.693671	-5.778780	-4.969433	-3.537720	
AT1G50110	1.156509	0.226896	-0.241300	-0.280039	-2.562734	-3.854571	
AT1G50290	-7.576235	-7.415659	-6.729639	-5.009722	-3.361230	-0.985357	
AT1G51190	-5.373873	-6.942294	-6.824540	-6.088796	-6.833418	-6.908629	
AT1G51460	-7.855862	-10.833032	-11.362088	-11.333879	-10.811253	-10.304165	
AT1G51480	-12.345840	0.000000	0.000000	0.000000	0.000000	0.000000	
AT1G51530	-5.627464	-6.096718	-6.458486	-5.706346	-6.867165	-7.951418	
AT1G51560	-1.994973	-3.968663	-4.167132	-3.419392	-3.262815	-1.831623	
AT1G51710	0.237587	-1.350937	-1.730437	-0.818233	-0.307358	1.541030	
AT1G52080	-3.959418	-3.759754	-3.556519	-2.882676	-3.090030	-1.969286	
AT1G52300	3.320023	0.471215	0.276076	0.876702	0.162541	1.531487	
AT1G52343	-8.041052	0.000000	0.000000	0.000000	0.000000	0.000000	
AT1G52565	-5.214011	-4.098454	-3.871471	-4.083744	-4.782312	-4.174503	
AT1G53080	-12.157225	0.000000	0.000000	0.000000	0.000000	0.000000	
AT1G53230	-3.076223	-3.870939	-4.152133	-4.189587	-4.778361	-4.640770	
AT1G53233	-2.600296	-3.534338	-4.035606	-3.849143	-4.785549	-4.523754	
AT1G53390	-4.605442	-6.012528	-6.352409	-6.313734	-7.880963	-7.309658	
AT1G53690	-7.238649	-4.450237	-3.485190	-2.769356	-4.515029	0.000000	
AT1G53700	-4.827496	-6.989595	-8.036662	-7.919318	-9.083060	0.000000	
AT1G54160	-1.460392	-3.170928	-3.770687	-3.734136	-4.352326	-5.072902	
AT1G54210	-2.604940	-2.872321	-2.184368	-1.332153	-0.558733	1.003935	
AT1G54320	-1.231840	-2.288601	-2.495325	-1.842897	-1.611901	-0.707151	
AT1G54340	-1.021060	-2.199353	-2.709469	-2.186846	-2.417370	-0.905850	
AT1G54360	-1.853692	-2.804637	-3.480928	-3.379560	-4.554664	-4.623883	
AT1G54730	-1.307362	-1.218130	-1.463016	-1.110154	-2.715458	-2.397096	
AT1G54740	-5.235152	-3.657912	-2.605874	-1.546467	-1.630039	-2.394206	
AT1G54840	-1.695529	-2.821596	-3.165863	-2.857518	-3.952238	-5.704429	
AT1G54860	0.680301	2.354895	2.990175	3.732359	3.625266	4.575969	
AT1G55110	-2.264576	-1.839891	-1.417785	-0.536684	-0.021320	1.349087	
AT1G55250	-2.615551	-3.560890	-3.499121	-2.884870	-2.690513	-0.970522	
AT1G55310	0.023614	-1.382736	-1.560384	-0.622423	-0.007211	1.645079	
AT1G55350	-1.920279	-3.070698	-3.311109	-2.863210	-3.841517	-3.955338	
AT1G55360	0.951261	1.222792	0.931089	0.505947	-3.732576	-6.918429	
AT1G55440	0.000000	-12.622421	-9.477464	-7.862093	-6.576267	-4.839274	
AT1G55480	0.556734	-1.485186	-2.541523	-2.213223	-3.432254	-3.943758	
AT1G55550	-4.046688	-3.684392	-3.863200	-3.614572	-5.130207	-7.224246	
AT1G55650	-10.738053	0.000000	0.000000	0.000000	0.000000	0.000000	
AT1G55740	-2.107641	-3.440003	-4.066703	-4.337652	-6.058052	-6.479928	
AT1G55750	-2.205195	-3.441338	-3.964834	-3.024114	-3.176990	-1.861051	
AT1G55810	-1.575187	-2.490809	-3.549147	-3.438737	-7.199715	-8.875208	
AT1G55830	-3.059657	-4.108143	-4.307028	-3.493902	-3.354606	-1.918636	
AT1G55840	-1.160176	-1.882877	-2.216687	-1.520713	-1.706818	-1.133631	
AT1G55860	-2.558805	-3.282053	-3.471309	-2.827353	-3.205743	-1.889956	
AT1G55920	-6.736287	-8.391499	-8.221514	-7.099936	-6.331148	-4.208809	
AT1G56020	-2.407457	-2.885838	-3.351106	-4.034748	-7.870679	-8.745772	
AT1G56040	0.000000	0.000000	0.000000	0.000000	0.000000	0.000000	
AT1G56145	-5.933137	-5.805847	-5.160154	-4.217909	-4.090312	-3.713766	
AT1G56150	0.000000	0.000000	0.000000	0.000000	-10.021641	-9.621289	
AT1G56180	-2.234574	-3.924449	-4.036262	-3.350856	-3.426460	-2.221420	
AT1G56210	-2.303596	-4.448530	-5.829699	-6.202612	-11.017979	0.000000	
AT1G56220	1.906147	1.375682	0.838409	1.442759	0.766577	2.118146	
AT1G56500	-2.096409	-3.829077	-4.589528	-4.585957	-5.179146	-3.678806	
AT1G58200	-2.003213	-2.839682	-2.719760	-2.032677	-2.571642	-1.620049	
AT1G59650	-2.570586	-4.169043	-5.302093	-5.733399	-8.329775	-7.536888	
AT1G61110	0.000000	0.000000	0.000000	0.000000	-11.680433	-9.884323	
AT1G61240	-1.346889	-2.233012	-2.666968	-2.265011	-1.860214	-0.591981	
AT1G61270	0.000000	0.000000	0.000000	0.000000	0.000000	0.000000	
AT1G61665	0.000000	0.000000	-11.286885	-10.322207	-9.057690	-6.043365	
AT1G61740	-4.589747	-5.423415	-5.732498	-5.669741	-5.424523	-3.233468	
AT1G62290	-5.296415	-4.072909	-3.959006	-3.371023	-4.600505	-6.809971	
AT1G62500	3.660617	4.220624	3.722408	2.961176	-1.934039	-4.699249	
AT1G62990	-7.693394	-9.285877	-8.116125	-9.516687	0.000000	0.000000	
AT1G63170	-1.338278	-2.532607	-2.763843	-2.191625	-2.746756	-2.636425	
AT1G63440	-5.864592	-7.847982	-7.414543	-5.958319	-5.105566	-3.078290	
AT1G64710	-2.456567	-4.021188	-4.226474	-2.920308	-2.122539	-1.019967	
AT1G65090	3.182814	3.136615	3.379542	4.131597	4.261990	4.949181	
AT1G67090	6.307772	4.221723	2.706678	2.033445	-1.752120	-2.655792	
AT1G67100	1.213420	0.633049	0.955806	1.819442	1.254266	0.270397	
AT1G67720	-3.984002	-4.203557	-4.214347	-3.898922	-5.305905	-4.766205	
AT1G67740	2.073689	-0.542369	-1.742131	-2.248549	-6.340961	-8.199847	
AT1G67810	-0.285824	-2.676514	-3.070793	-2.608210	-2.005026	-0.428151	
AT1G68470	-3.646665	-2.323493	-1.983313	-1.607748	-3.259865	-5.094323	
AT1G68510	-1.001586	-1.447112	-2.040684	-2.923174	-6.794458	0.000000	
AT1G69160	-4.995284	-6.179368	-7.366898	-6.778991	-7.743538	-9.183875	
AT1G69850	-6.002009	-5.292437	-5.808058	-4.860199	-5.664622	-5.844326	
AT1G69890	-10.469007	-11.464001	-9.529804	-7.605763	-4.562460	-0.763371	
AT1G70270	0.000000	0.000000	0.000000	0.000000	0.000000	0.000000	
AT1G70510	-4.354435	-6.616421	-9.118511	-9.351154	-7.989397	-5.593510	
AT1G70550	-3.500295	-4.501881	-4.772586	-4.130691	-5.096654	-6.618066	
AT1G70710	-0.205004	-6.138817	-8.559272	-10.442751	-13.264182	0.000000	
AT1G70810	-2.411642	-2.293587	-0.683775	0.402841	1.001263	2.135630	
AT1G72190	-2.625866	-3.560356	-3.823577	-3.399038	-3.669268	-2.538787	
AT1G72570	0.000000	-10.955458	-5.697096	-3.152908	-2.327236	-3.693079	
AT1G72620	-8.598822	-7.827222	-8.486476	-9.142800	0.000000	0.000000	
AT1G73010	-8.233466	-4.608154	-3.322646	-1.778165	0.199750	-0.394870	
AT1G73020	-2.102861	-3.180709	-3.641518	-3.371466	-3.937639	-1.133239	
AT1G73120	-5.962509	-7.122117	-7.555669	-7.970729	-9.368568	-6.943958	
AT1G73430	-0.817482	-1.820937	-2.149471	-1.522168	-2.345897	-2.159244	
AT1G73680	-0.992309	-1.639900	-1.554049	-0.316823	-0.704723	-2.254695	
AT1G73980	-1.379231	-1.574142	-1.747255	-1.240234	-1.722009	-1.099845	
AT1G74430	-7.143552	-10.367002	-11.408004	-12.728075	0.000000	0.000000	
AT1G74510	-0.743286	-1.570727	-1.661853	-1.345278	-2.954120	-4.318435	
AT1G74670	-3.833043	-1.009243	-1.301144	-1.237366	-3.566470	-6.937811	
AT1G74950	-0.971203	-1.841124	-1.989754	-1.264921	-1.436125	-0.860949	
AT1G75450	-2.969143	-2.752603	-2.152315	-1.768574	-1.567807	-1.767255	
AT1G75510	-1.533428	-3.066196	-3.013946	-2.197593	-1.881306	-0.682828	
AT1G75580	-2.118574	-3.352359	-3.913809	-3.833659	-3.127500	-3.574620	
AT1G75830	0.000000	0.000000	0.000000	0.000000	-4.076282	1.116654	
AT1G76470	0.965880	-0.069401	-0.867643	-1.416290	-5.906615	-7.123829	
AT1G76670	-0.474534	-1.032145	-0.939516	-0.218293	-0.681459	-1.606299	
AT1G76970	-2.183720	-2.882600	-2.713918	-1.602160	-1.437615	-0.127982	
AT1G77600	-3.498266	-5.360312	-5.762080	-5.212973	-4.829808	-3.065194	
AT1G77630	-2.185906	-4.645962	-4.964081	-4.344042	-4.605283	-3.855795	
AT1G77655	-11.979629	0.000000	0.000000	0.000000	0.000000	0.000000	
AT1G78290	-11.138529	-11.039386	-10.215947	-11.697071	0.000000	-12.657059	
AT1G78370	3.337730	1.584652	-0.353229	-1.640991	-4.825754	-5.785713	
AT1G78490	-11.837049	0.000000	0.000000	0.000000	0.000000	0.000000	
AT1G78500	-3.472431	-0.398817	-0.344411	0.361725	-1.016006	-3.657991	
AT1G79400	-14.037180	0.000000	0.000000	0.000000	0.000000	0.000000	
AT1G79420	-4.396822	-6.807838	-6.810328	-6.870171	-8.255759	-7.571076	
AT1G79650	-0.580534	-2.572598	-2.252504	-1.061428	-0.785104	-0.478280	
AT1G79700	-9.646825	-8.181781	-6.928533	-5.696149	-7.266756	-6.791920	
AT1G80133	-6.336517	-11.463718	0.000000	-10.552941	0.000000	0.000000	
AT1G80350	-2.695058	-4.115837	-4.530110	-3.794927	-4.000627	-3.191110	
AT1G80580	-9.227336	-9.901049	-9.200451	-9.808608	0.000000	0.000000	
AT1G80940	0.302549	0.081742	0.281875	1.133927	1.124760	1.890247	
AT2G01580	-7.562421	-9.053430	-9.096104	0.000000	0.000000	0.000000	
AT2G04230	-3.282077	-3.449592	-3.405328	-2.976053	-3.448972	-2.309797	
AT2G05300	-2.049249	-2.865849	-3.046593	-2.924511	-5.177307	-6.071847	
AT2G13820	-1.344275	-3.582049	-6.032364	-6.465290	-10.706198	0.000000	
AT2G16390	-2.499715	-3.578607	-3.836660	-3.497802	-4.688737	-4.406945	
AT2G16700	-3.436469	-3.935009	-4.303632	-4.388205	-6.487935	-7.891922	
AT2G16730	-8.079703	-10.736628	-12.078043	-11.909159	-13.734077	0.000000	
AT2G16890	-9.130234	-11.609655	-4.575616	-1.859017	-0.426344	1.057841	
AT2G17030	-4.093925	-5.174902	-5.295873	-4.657611	-4.082159	-2.503741	
AT2G17360	2.317851	0.203949	-0.037506	0.833520	0.380619	1.700953	
AT2G17520	-2.039400	-2.300516	-2.279588	-1.735983	-2.331607	-0.987725	
AT2G17790	-1.343798	-2.356795	-2.719496	-2.064021	-2.116538	-1.112466	
AT2G17880	-3.933537	-5.267287	-5.577419	-5.436950	-5.960953	-6.768531	
AT2G17930	-4.300642	-4.906930	-4.800231	-3.962070	-3.789238	-2.223752	
AT2G18450	-8.437510	-12.903344	0.000000	-13.456258	0.000000	0.000000	
AT2G18510	-0.991570	-2.986734	-2.949723	-2.059640	-1.403723	0.347055	
AT2G18840	-3.068303	-3.786007	-3.808492	-2.470480	-2.024194	-0.748790	
AT2G18950	0.642468	-0.837892	-1.405043	-1.380977	-2.783257	-4.072643	
AT2G18970	0.000000	-12.761406	0.000000	0.000000	0.000000	0.000000	
AT2G19450	0.087331	-1.008529	-1.377299	-0.575349	-0.247881	1.602015	
AT2G19590	-2.992244	-3.248078	-3.322553	-3.374260	-6.276031	-6.092821	
AT2G19660	-5.142738	-5.747211	-6.516979	-6.543794	-10.753785	0.000000	
AT2G19760	0.659076	-1.086710	-1.702493	-1.195944	-1.443287	-1.195645	
AT2G19780	-4.774959	-6.397534	-7.399956	-7.072304	-8.955355	0.000000	
AT2G19790	-0.364114	-1.346354	-1.561501	-1.148481	-1.285953	-0.577166	
AT2G19800	-7.180373	-12.262792	0.000000	-10.985495	0.000000	-8.633399	
AT2G19810	-1.426723	-1.922516	-2.106926	-2.007356	-2.505565	-3.093652	
AT2G19950	-1.726373	-2.562066	-2.846568	-2.363090	-2.921075	-2.410029	
AT2G20140	-0.710714	-2.555763	-3.252796	-2.733230	-3.243540	-1.867170	
AT2G20570	-0.353461	-4.265943	-6.848391	-6.579828	-7.647116	-7.073168	
AT2G20580	-0.230403	-1.951064	-2.407727	-1.798205	-1.546406	-0.075855	
AT2G20750	-0.274027	-1.038076	-2.192430	-3.053253	-8.131298	-9.184720	
AT2G21050	-0.914133	-2.769580	-3.455671	-4.023075	-6.250523	-8.536877	
AT2G21510	-5.087452	-4.657275	-6.394958	-6.239380	-5.100172	-2.137715	
AT2G21930	-10.160704	-9.929019	-8.656551	-7.837340	-6.482128	-4.606676	
AT2G22180	-8.917840	-10.766535	-12.956388	0.000000	0.000000	0.000000	
AT2G22250	-1.201069	-2.627362	-3.083649	-2.978968	-3.943507	-3.457951	
AT2G22900	-2.307642	-3.345547	-3.813427	-4.031839	-6.242327	-7.201086	
AT2G23130	-1.315506	-0.608565	-0.896539	-1.445053	-4.610912	-6.465709	
AT2G24800	-1.897010	-2.546169	-2.600433	-2.222914	-4.665219	-7.871257	
AT2G25095	-3.651367	-3.013442	-2.868792	-2.403253	-2.838727	-1.741750	
AT2G25890	-1.995577	-1.895823	-1.393053	0.318963	2.552167	4.043661	
AT2G26511	-3.378362	-4.075051	-5.156268	-5.719111	-8.751908	0.000000	
AT2G26870	-5.904086	-6.693924	-7.281465	-7.197055	-9.807654	-6.679249	
AT2G27040	1.303388	0.402122	0.398165	1.009662	-0.144501	-0.796695	
AT2G27680	-0.104078	-2.063250	-2.400222	-1.351724	-0.409293	1.373731	
AT2G27690	-2.146354	-4.467855	-3.945733	-3.668863	-2.972433	-3.952257	
AT2G28380	-0.238004	-2.073376	-2.370632	-1.905737	-2.871187	-2.557306	
AT2G28490	1.686843	3.759596	4.018516	4.917011	4.773570	5.996055	
AT2G28610	-5.402463	-7.492184	-6.996816	-5.578465	-7.244935	-9.325108	
AT2G28920	-10.071148	0.000000	0.000000	0.000000	0.000000	0.000000	
AT2G29630	0.180491	-1.471321	-2.504675	-2.977017	-5.844583	-6.296124	
AT2G30060	-1.419576	-3.431053	-3.642724	-2.858051	-1.845379	-0.307929	
AT2G30470	-1.243041	-2.381509	-2.810127	-2.485224	-3.103437	-2.395510	
AT2G30480	-3.626884	-5.171261	-5.556588	-4.680332	-4.581758	-2.885093	
AT2G30580	-1.498896	-2.320626	-2.787310	-2.299022	-3.525330	-3.861917	
AT2G30970	0.873864	-1.227232	-2.096689	-1.683796	-4.216391	-3.773476	
AT2G31810	-0.546213	-2.633135	-3.882583	-3.726052	-4.350819	-1.515954	
AT2G32830	-9.971591	-8.106693	-7.655473	-6.516398	-4.982651	-4.521786	
AT2G32960	-6.717442	-7.619192	-7.606775	-7.954904	-9.385724	-9.730339	
AT2G33330	-1.304903	-4.088006	-5.802289	-5.947642	-10.015151	-10.543865	
AT2G34185	-3.482862	-4.144749	-4.108108	-3.196689	-4.919776	-5.208091	
AT2G34250	2.264888	1.940989	1.462324	1.762077	0.629077	0.709470	
AT2G34650	-1.986938	-3.069756	-3.070798	-2.580372	-4.162700	-5.672515	
AT2G34700	-3.355733	-4.610850	-4.657849	-4.356346	-5.311637	-5.292235	
AT2G34710	-0.830128	-2.448193	-3.002685	-2.290915	-3.810419	-3.661014	
AT2G34870	3.462234	2.292345	-0.054083	-1.449892	-4.670964	-5.204586	
AT2G35160	-1.703543	-2.868158	-3.405189	-3.629089	-5.451643	-5.460267	
AT2G35920	-3.047553	-4.284679	-4.543291	-4.133136	-4.671160	-2.572755	
AT2G35950	-9.646081	0.000000	0.000000	0.000000	0.000000	0.000000	
AT2G36080	-4.994415	-6.278652	-7.188774	-5.825121	-5.053994	-2.934595	
AT2G36145	0.461485	-0.250293	-1.052663	-1.670953	-4.676885	-6.654751	
AT2G36500	-3.327360	-3.053271	-2.522969	-1.456606	-1.312742	-1.326149	
AT2G36960	-3.350441	-4.140835	-4.300870	-3.258771	-3.091345	-1.628796	
AT2G36980	-4.526466	-5.462568	-5.791773	-4.984377	-5.347561	-3.852072	
AT2G37040	-0.735462	-1.501335	-1.850953	-3.292062	-7.646671	-9.664679	
AT2G37290	-9.653462	-6.550756	-5.010580	-3.240334	-3.009904	-2.583408	
AT2G37620	-0.841470	-3.456773	-3.950416	-3.634717	-4.479383	-4.047576	
AT2G37720	-6.989666	-10.310852	0.000000	0.000000	0.000000	0.000000	
AT2G38180	-1.214853	-1.476313	-1.826333	-1.254608	-1.652850	-2.079290	
AT2G38310	-3.336733	-7.052355	-8.073991	-8.342414	-10.995910	-8.672364	
AT2G38320	-8.958970	0.000000	0.000000	0.000000	0.000000	0.000000	
AT2G38530	2.965835	4.081991	3.513816	4.051095	4.031462	3.418660	
AT2G38870	-1.834329	-3.237402	-2.425060	-0.789955	0.585757	2.446056	
AT2G38900	-4.211316	-2.499039	1.197739	3.212004	3.907256	2.825756	
AT2G38980	-1.551673	-2.471260	-2.638090	-2.010688	-2.862863	-1.943138	
AT2G39175	-5.841601	-6.082582	-5.968476	-6.013452	-6.681040	-7.174636	
AT2G39760	-0.545012	-2.155529	-2.723738	-2.238586	-2.408376	-0.872456	
AT2G39870	-0.695324	-3.468835	-3.856798	-3.716900	-4.642114	-6.335347	
AT2G39880	-4.205587	-7.972423	-9.184902	-9.932220	-11.428835	0.000000	
AT2G39890	-1.856412	-3.528036	-3.913840	-4.198257	-7.353835	-7.887801	
AT2G39980	-3.077391	-2.507902	-2.484606	-2.159607	-2.681051	-2.875769	
AT2G40030	-1.270094	-2.279450	-2.558400	-2.756630	-4.173335	-3.914572	
AT2G40095	-5.728963	-8.677469	-9.128187	-10.494628	0.000000	-5.900838	
AT2G40100	2.091452	0.544915	-1.255791	-1.308078	-2.110698	-2.346138	
AT2G40220	-2.841421	-4.549320	-4.059269	-3.210552	-4.513898	-5.400201	
AT2G40220	-2.841421	-4.549320	-4.059269	-3.210552	-4.513898	-5.400201	
AT2G40370	0.000000	-8.244708	-7.517063	-9.590149	0.000000	0.000000	
AT2G41070	0.931385	1.166346	1.289839	2.187635	1.928367	2.492461	
AT2G41290	-0.368523	-0.100732	-0.203863	-0.914013	-2.446820	-0.897841	
AT2G41340	-0.090675	-0.776348	-1.365298	-1.360428	-4.284467	-7.828310	
AT2G41990	-1.037681	-1.273713	-1.408136	-1.843839	-3.830411	-2.648991	
AT2G42380	-2.287692	-2.947466	-3.829498	-5.702936	-12.893117	-9.460075	
AT2G42500	0.864077	-0.695144	-1.414706	-1.055694	-1.899535	-1.304360	
AT2G42620	-4.546339	-6.050264	-6.122567	-4.905494	-4.333428	-2.998231	
AT2G42670	-3.225855	-3.766482	-3.801650	-3.453709	-3.498975	-3.194942	
AT2G42885	-4.355448	-4.676308	-5.429022	-5.981204	-8.240175	-8.141565	
AT2G43680	0.439389	-0.642209	-1.062287	-0.718946	-1.427441	-0.307501	
AT2G44120	2.407063	-0.061610	-0.629727	0.195704	-0.957224	0.538211	
AT2G44280	-3.195558	-4.202701	-4.093734	-3.600822	-3.580641	-2.771050	
AT2G44798	-6.893004	-7.010260	-6.283201	-5.044823	-4.708652	-3.674305	
AT2G44800	-8.209164	-7.333834	-6.229682	-5.993039	-5.856948	-5.059906	
AT2G44910	-1.931485	-3.517182	-2.323934	-1.648057	-2.730801	-6.596363	
AT2G45070	-5.011555	-4.747843	-5.308903	-5.293062	-7.273390	-7.890598	
AT2G45120	-7.556327	-5.557041	-5.630173	-5.879596	-8.453314	-8.915157	
AT2G45160	-1.613397	-2.471294	-2.399360	-1.907532	-2.733756	-3.452005	
AT2G45210	-7.698540	-7.864383	-4.735154	-2.867288	-1.478777	-0.790617	
AT2G45760	-11.285803	-12.915803	-11.441971	-13.731830	0.000000	0.000000	
AT2G45850	-7.518819	-8.487737	-8.448737	-8.067819	-11.404494	-9.737861	
AT2G45870	0.208028	-1.113530	-1.903325	-1.788008	-2.294616	-1.926366	
AT2G45970	-3.039917	-4.567163	-4.469054	-4.050975	-6.916353	-8.365090	
AT2G46270	-2.126790	-1.251075	-0.596273	0.438021	0.475653	1.548603	
AT2G46320	-2.652567	-4.121361	-4.007605	-3.114915	-3.367145	-2.449459	
AT2G46340	-2.761603	-3.385538	-2.991726	-2.155294	-2.008322	-0.881842	
AT2G46410	-4.489564	-4.839588	-4.956610	-4.662542	-5.695052	-6.459917	
AT2G46662	0.000000	0.000000	0.000000	0.000000	-8.868457	-6.870693	
AT2G46685	-4.230224	-4.458776	-4.564987	-4.227619	-7.082582	-8.775282	
AT2G47230	-1.481834	-2.467163	-2.936902	-2.946130	-5.919285	-8.384241	
AT2G47260	-6.024426	-6.271324	-6.185142	-5.239856	-4.791504	-3.254356	
AT2G47440	-3.897069	-4.976276	-4.760655	-4.612060	-6.539585	-7.514625	
AT2G47600	-0.625650	-1.993845	-3.359688	-3.592032	-5.181124	-2.191147	
AT2G48110	-2.057155	-3.965866	-4.147989	-3.478496	-3.298823	-1.769002	
AT2G48140	-8.330544	-7.033089	-4.742834	-8.826683	0.000000	0.000000	
AT3G01050	-1.137482	-1.883896	-1.916301	-1.231210	-1.519821	-1.070473	
AT3G01570	4.544894	5.253395	5.281499	5.815877	5.960607	6.320531	
AT3G02000	-2.318242	-5.798304	-7.078797	-7.406826	-7.959279	-6.035507	
AT3G02170	-2.226257	-3.862436	-3.813847	-2.950553	-2.906842	-3.379200	
AT3G02180	1.131969	-1.196293	-2.825111	-3.876852	-6.584401	-7.021642	
AT3G02380	-2.102784	-3.639452	-5.052000	-4.971110	-5.329429	-4.855872	
AT3G02470	3.371130	2.538541	2.560603	3.268237	2.655800	3.138520	
AT3G02630	-5.713588	-5.826084	-6.448352	-6.263031	-8.812404	0.000000	
AT3G02890	-1.073089	-2.049159	-1.927757	-0.930157	-1.299584	-1.390794	
AT3G03350	-3.394231	-4.021425	-4.823933	-4.929008	-7.011766	-7.774862	
AT3G03770	-1.124109	-0.465480	-0.532455	-0.440889	-2.298865	-3.909663	
AT3G04080	-2.792360	-3.641441	-4.097585	-3.823111	-5.657320	-4.879399	
AT3G04190	0.000000	-9.392279	-4.303162	-6.951278	-8.143368	0.000000	
AT3G04380	-1.887905	-2.808589	-3.147445	-3.103357	-5.490252	-8.627366	
AT3G05020	4.790804	3.623780	2.969242	2.916317	0.071253	-3.052346	
AT3G05300	-7.448275	-5.923768	-5.864742	-4.569864	-5.292190	-6.206513	
AT3G05320	-2.782509	-2.745836	-2.364374	-1.586207	-2.571410	-3.640510	
AT3G05327	0.000000	0.000000	0.000000	-10.181476	0.000000	0.000000	
AT3G05500	2.996901	1.615658	1.222129	1.988779	2.290130	2.590549	
AT3G05600	1.509863	-1.397291	-4.420525	-6.588325	-10.660176	-8.452463	
AT3G05630	-5.551724	-4.557125	-4.054107	-3.345527	-3.791556	-3.185698	
AT3G05830	-0.294656	-1.846130	-2.095988	-1.794716	-2.581750	-3.458290	
AT3G05980	-1.019093	-4.170630	-4.989095	-4.830577	-6.834336	-10.672340	
AT3G06290	-3.858161	-4.636783	-4.529392	-3.543757	-3.406085	-1.732634	
AT3G06550	-2.224081	-2.804310	-2.327164	-1.361917	-1.417679	-0.512857	
AT3G06868	-3.023153	-3.712547	-3.874169	-4.188510	-9.396075	0.000000	
AT3G07010	-1.956315	-2.557239	-3.935477	-4.410713	-5.441361	-4.404446	
AT3G07130	-1.249449	-3.573665	-5.108371	-5.559372	-10.586548	-9.441977	
AT3G07250	-1.086380	-4.018311	-5.499756	-6.314566	-4.464826	-0.710225	
AT3G07350	-7.922928	-12.615867	0.000000	0.000000	-12.671683	-7.582280	
AT3G07880	-0.170053	-1.779630	-2.501354	-2.067085	-2.407925	-1.570108	
AT3G08030	0.279722	-4.136670	-5.277687	-3.686950	-3.232970	-3.249509	
AT3G08740	2.196414	-0.689672	-1.996734	-1.636054	-2.725475	-1.774396	
AT3G09390	2.849992	1.763156	1.494472	1.925080	3.356145	6.122292	
AT3G09730	-2.417990	-3.923054	-5.010478	-5.617700	-9.389631	-10.219215	
AT3G10200	-0.689990	-1.172537	-1.511376	-1.268089	-2.642332	-2.390816	
AT3G10570	-8.229884	-7.222420	-4.414317	-2.737721	-2.015747	-1.946459	
AT3G10720	-5.417667	-5.962430	-8.408556	-8.457719	0.000000	0.000000	
AT3G11420	-6.605487	-7.300798	-6.597077	-5.145847	-2.657587	-1.063163	
AT3G12120	4.044795	3.720327	3.719208	3.949750	2.326589	0.460290	
AT3G12203	1.860315	2.948988	2.171081	1.573144	-2.341501	-4.135547	
AT3G12550	-0.692148	-1.671253	-2.155000	-2.292999	-3.962905	-4.927074	
AT3G12560	-1.766253	-2.043893	-2.433943	-2.723802	-3.856694	-2.668842	
AT3G12610	-2.345280	-3.957754	-4.721753	-5.027828	-7.593036	-7.452463	
AT3G12670	1.727125	2.260033	2.399640	2.921793	1.569769	0.203358	
AT3G12730	-5.643752	-3.555159	-2.067472	-1.347667	-1.674118	-2.831987	
AT3G12740	-2.255743	-2.689928	-2.654702	-2.181183	-2.551003	-1.560002	
AT3G12800	-0.475015	-1.594468	-1.695251	-1.183162	-1.043588	-0.648670	
AT3G12810	-3.724544	-4.387067	-4.253658	-3.489360	-3.748162	-2.617245	
AT3G12840	0.000000	0.000000	0.000000	0.000000	0.000000	0.000000	
AT3G12965	1.912388	-0.361128	-0.422764	0.203489	-0.740523	0.854636	
AT3G13740	-1.372957	-3.986857	-3.933523	-2.889879	-2.554190	-0.583933	
AT3G13790	-1.823224	-5.226444	-7.968315	-10.586543	-13.429776	0.000000	
AT3G13890	-7.680787	-15.177228	0.000000	0.000000	0.000000	0.000000	
AT3G14040	-5.550741	-8.054361	-10.363772	-10.179826	-11.097776	0.000000	
AT3G14067	-1.128864	-1.283323	-0.590808	-0.083152	0.002338	-0.953618	
AT3G14360	-0.564302	-0.693129	-1.100838	-0.511073	-0.708061	0.416595	
AT3G14440	-8.263584	-11.871435	-10.178235	-9.255923	-8.220713	-5.747151	
AT3G15095	0.099806	-0.987808	-1.150804	-1.079302	-2.242537	-2.612086	
AT3G15170	-5.820067	-7.225825	-6.993935	-6.483942	-9.002592	-8.432711	
AT3G15630	-4.077647	-5.511154	-5.846272	-4.610296	-4.242699	-3.485690	
AT3G16190	0.571557	0.779517	0.977962	1.766947	1.763135	2.256089	
AT3G16250	-2.236952	-6.625431	-10.000422	0.000000	0.000000	0.000000	
AT3G16490	-2.939833	-4.131336	-3.492941	-2.545639	-2.518790	-3.154179	
AT3G16520	-0.794589	-5.176212	-8.850214	-10.258017	-11.172495	-7.440402	
AT3G16610	-7.635505	-9.560668	-8.845673	-8.182806	-7.295095	-5.988698	
AT3G17203	-7.782950	0.000000	-8.002755	-5.040236	-3.731919	-3.618028	
AT3G17450	-3.033137	-4.413950	-4.672664	-3.813877	-3.951235	-2.612282	
AT3G17770	-0.988797	-2.741664	-3.189251	-2.352929	-2.489276	-0.944377	
AT3G17850	-2.137422	-3.203151	-3.659099	-3.117940	-3.731385	-2.403527	
AT3G17880	-1.419619	-2.611228	-3.090290	-2.404081	-2.050645	-0.193720	
AT3G18400	0.000000	-10.854068	-7.316398	-10.878809	0.000000	0.000000	
AT3G18490	-0.468316	-0.900289	-0.526963	-0.253755	-0.727417	-0.188466	
AT3G18550	0.000000	0.000000	0.000000	0.000000	0.000000	0.000000	
AT3G18980	-1.141283	-1.915338	-2.370147	-2.406811	-2.698888	-0.902672	
AT3G19515	-2.986802	-5.263434	-5.735546	-5.677933	-6.266193	-4.590104	
AT3G19800	-0.681731	-1.422844	-2.458821	-2.553258	-3.886442	-6.244092	
AT3G19850	-7.348958	-6.885341	-6.543321	-6.261577	-8.560990	0.000000	
AT3G20630	-0.887385	-2.250985	-2.606399	-2.158267	-2.566386	-0.911063	
AT3G20820	-0.923204	-1.815892	-2.273219	-2.179312	-3.701282	-3.748932	
AT3G20910	-0.476708	-1.413354	-1.510459	-0.647196	-0.667713	0.345304	
AT3G20940	-8.364650	-10.058816	-13.289482	0.000000	-12.656911	0.000000	
AT3G20975	-9.751735	-13.878176	0.000000	0.000000	0.000000	-10.683095	
AT3G21055	3.016900	0.883153	-0.506723	-1.415946	-5.792459	-8.839660	
AT3G21090	0.636794	-0.935243	-1.516161	-1.124767	-3.447753	-6.314770	
AT3G21100	-0.912501	-2.719380	-3.227255	-3.009143	-3.792031	-2.427760	
AT3G21260	-8.088491	0.000000	0.000000	0.000000	0.000000	0.000000	
AT3G21371	0.000000	0.000000	0.000000	0.000000	0.000000	-5.002824	
AT3G21560	0.458416	0.122441	0.349774	0.932309	0.345509	-0.093686	
AT3G21680	-7.525455	0.000000	0.000000	0.000000	0.000000	0.000000	
AT3G21720	-3.254597	-1.238669	-0.146571	1.118682	2.055256	4.357453	
AT3G21740	-2.694286	-4.149196	-4.585327	-4.011017	-3.725318	-2.418261	
AT3G21755	-6.912281	-8.431681	-8.493813	-6.952979	-10.439264	0.000000	
AT3G22270	-2.482161	-3.474916	-3.514447	-2.873721	-3.014651	-1.816716	
AT3G22410	-6.190634	-7.912043	-9.390396	-9.377679	-10.634218	-7.653920	
AT3G22640	-7.560640	-4.498590	-4.056577	-3.473701	-3.660169	-2.018950	
AT3G23610	-4.692497	-4.660446	-4.645047	-3.947651	-3.998845	-3.423191	
AT3G23740	-2.742155	-7.053513	-10.421251	-13.456849	-12.301175	0.000000	
AT3G23880	-12.623430	0.000000	0.000000	0.000000	0.000000	0.000000	
AT3G23940	0.503090	-2.200879	-2.449689	-1.543613	-1.358149	-0.308018	
AT3G24650	-0.049081	-0.849862	-0.647709	0.296226	0.331412	0.789376	
AT3G24650	-0.049081	-0.849862	-0.647709	0.296226	0.331412	0.789376	
AT3G25600	-6.676514	-7.694218	-7.052051	-6.560553	-7.988609	-5.446255	
AT3G25690	-5.938664	-8.208726	-10.417460	-9.971079	-12.325060	-10.408579	
AT3G25730	-12.797476	-10.536445	0.000000	-12.266259	0.000000	-10.521229	
AT3G26120	-5.873675	-6.336414	-5.896110	-5.548809	-8.335902	-10.566862	
AT3G26400	-1.760660	-3.403340	-3.316411	-2.459620	-2.288712	-0.764855	
AT3G26520	-5.505499	-12.353883	0.000000	0.000000	0.000000	0.000000	
AT3G26700	-3.124714	-3.937677	-4.449561	-3.891010	-5.985204	-4.459040	
AT3G26790	0.654555	-0.261521	-0.806653	-0.112097	-1.030487	-1.773424	
AT3G26932	-0.441020	-1.689613	-1.926111	-0.930182	-1.668588	-3.632773	
AT3G27400	-8.891664	-10.187745	-12.604796	-12.809435	0.000000	0.000000	
AT3G27660	2.910493	4.618603	5.636028	6.531971	6.980903	7.627667	
AT3G28155	-3.308681	-3.119403	-2.870357	-2.401472	-2.939537	-2.324404	
AT3G28345	-2.045108	-3.470389	-3.394274	-2.659332	-3.332054	-3.480121	
AT3G28930	-3.112663	-4.223648	-4.898309	-4.447340	-5.495643	-5.332249	
AT3G28940	0.659925	0.227852	-0.109395	0.341981	-0.097751	0.278900	
AT3G29030	-4.438974	-3.950411	-4.736483	-4.895333	-6.781028	-8.528441	
AT3G29370	-6.716625	-4.800106	-4.645471	-4.237768	-3.999517	-5.021018	
AT3G29385	-0.940876	-1.311907	-2.110410	-2.173493	-5.047414	-6.834239	
AT3G30775	1.153983	1.619250	2.013608	2.401893	2.539892	3.208685	
AT3G43110	-2.446459	-2.460241	-2.639602	-3.595450	-6.261629	-6.472623	
AT3G43230	-3.416918	-4.104094	-3.627391	-2.515203	-1.653364	-0.166357	
AT3G44410	-8.611958	-7.713153	-8.567058	-8.808608	-7.453363	-7.595616	
AT3G44720	-1.630627	-1.084911	-0.379029	-0.427745	-3.968008	-7.858619	
AT3G45260	-3.906908	-4.431782	-4.546440	-4.170594	-7.596225	-8.965859	
AT3G45860	0.000000	-15.471860	-11.658702	-11.376629	0.000000	0.000000	
AT3G46613	0.000000	0.000000	0.000000	0.000000	0.000000	0.000000	
AT3G47800	-3.854947	-5.927554	-6.248435	-5.938897	-7.021076	-4.528256	
AT3G48060	-3.556305	-4.434637	-4.380458	-3.644867	-3.900977	-2.680065	
AT3G48670	0.491641	-0.787022	-1.062981	-0.191920	0.560358	1.540559	
AT3G49750	-4.701201	-7.476708	-8.273796	-9.014794	-9.960079	-8.759633	
AT3G49770	-12.242647	-12.065351	0.000000	0.000000	0.000000	0.000000	
AT3G50770	-13.107287	-9.253974	-11.796692	0.000000	0.000000	0.000000	
AT3G50890	-2.551429	-2.476128	-2.405033	-2.156429	-3.395231	-5.054352	
AT3G51130	-0.695531	-1.859645	-2.205196	-1.574532	-1.352037	0.117741	
AT3G51140	-5.618154	-8.479335	-9.252668	-8.294978	-8.078916	-6.435907	
AT3G51890	-0.740286	-1.320471	-1.574202	-1.432614	-3.023596	-2.256556	
AT3G51950	0.441497	-0.505219	-0.242224	0.438249	-0.409019	-0.838282	
AT3G52072	-4.673511	-5.632097	-6.902481	-6.727074	-7.682898	-6.552909	
AT3G52525	-3.451329	-3.216521	-4.214672	-4.666690	-9.004914	-10.144768	
AT3G52850	0.005326	0.207502	0.018484	0.652363	0.640454	2.036275	
AT3G52880	0.523183	-2.267885	-4.169780	-4.831413	-7.363396	-6.672370	
AT3G52920	1.292236	-0.067719	-0.357778	-0.143403	-1.337192	-2.286128	
AT3G52930	3.055962	0.839229	-0.207256	-0.454660	-3.487572	-5.629746	
AT3G52970	-5.620617	-13.622026	0.000000	0.000000	0.000000	0.000000	
AT3G53232	-6.181320	-9.002859	-10.651326	-10.724508	-11.121219	0.000000	
AT3G53250	-7.009917	0.000000	0.000000	0.000000	0.000000	0.000000	
AT3G53260	-0.968855	-1.688077	-2.218383	-3.190622	-5.890889	-4.876766	
AT3G53370	0.554137	0.309601	0.205988	0.903192	0.217864	-0.358136	
AT3G54000	-1.463766	-3.977156	-3.752508	-3.130231	-2.523669	-1.833795	
AT3G54020	-3.207292	-4.913114	-5.155548	-4.609030	-3.720542	-1.950897	
AT3G54320	2.647722	1.418701	0.817157	0.814418	-0.950061	-3.997419	
AT3G54366	-2.293738	-3.723904	-3.622768	-2.974028	-2.110359	0.216655	
AT3G54420	-7.145030	-7.477698	-6.890395	-5.836310	-7.579675	-10.279689	
AT3G54940	1.495269	1.147459	1.745586	2.864801	4.061131	5.463053	
AT3G55970	0.000000	0.000000	0.000000	0.000000	-11.323747	-8.998952	
AT3G56360	-3.137080	-5.921995	-5.024386	-4.863451	-7.508269	-6.434670	
AT3G56850	-0.983379	-1.483306	-1.396886	-0.909033	-1.536758	-1.704487	
AT3G56880	-0.713890	-1.714627	-1.335238	-0.239069	0.839173	2.326312	
AT3G57020	-8.462155	-2.840056	-0.682960	0.776430	2.276027	3.887128	
AT3G57080	0.139488	-1.079878	-1.513042	-1.039426	-1.777264	-1.439621	
AT3G57120	-4.993068	-5.710809	-5.398470	-4.385332	-3.796010	-2.568786	
AT3G57400	-3.993828	-3.138014	-3.237173	-3.251987	-5.400631	-5.570206	
AT3G57520	-1.759604	-5.261961	-5.757650	-4.782507	-4.286370	-1.885627	
AT3G57930	0.273081	-1.910066	-3.247506	-3.435956	-6.433907	-4.935327	
AT3G58120	-2.813444	-6.701289	-8.000519	-10.105830	0.000000	-11.106789	
AT3G58795	-9.055367	-7.408011	-6.993051	-6.046999	-6.927733	-7.313341	
AT3G58850	-0.529449	-3.477878	-4.252105	-5.421110	-8.651765	0.000000	
AT3G58930	-1.620802	-3.531963	-3.901337	-3.464127	-4.518586	-3.539119	
AT3G58990	-6.152759	-6.781773	-7.010156	-6.793333	-8.029989	-7.189700	
AT3G59850	-8.332906	-13.338459	0.000000	0.000000	0.000000	0.000000	
AT3G59890	-1.825993	-4.627825	-5.101231	-4.490722	-4.625368	-3.564764	
AT3G60290	-4.500852	-2.585964	-1.500558	0.198518	0.599619	0.035594	
AT3G60390	-2.455170	-3.834385	-3.600296	-2.854878	-4.014415	-6.321153	
AT3G60520	-4.328891	-3.719387	-3.192459	-2.367152	-2.730698	-4.513243	
AT3G61060	-5.697072	-7.148326	-7.058748	-5.727899	-4.869944	-2.575591	
AT3G61150	-2.863085	-4.539640	-4.987838	-4.670487	-6.481279	-6.190332	
AT3G61220	-0.474511	-0.190610	-0.340706	0.231844	-0.630212	-2.435814	
AT3G61310	0.790970	-1.164801	-1.649117	-1.885791	-4.102203	-6.604596	
AT3G61380	-3.150253	-3.687186	-4.695528	-5.927918	0.000000	0.000000	
AT3G61420	-3.626236	-4.911679	-5.227745	-3.873507	-2.908147	-0.696594	
AT3G61620	-0.993526	-2.969355	-3.235701	-2.246728	-2.166013	-1.057921	
AT3G62100	-2.409352	-3.588513	-2.875422	-1.375330	-0.532763	-0.821126	
AT3G62528	-10.543519	-8.491405	0.000000	-9.919063	0.000000	0.000000	
AT3G63020	-10.308125	0.000000	-12.079605	-9.889728	0.000000	0.000000	
AT3G63200	-1.124877	-2.583792	-3.119139	-3.454200	-6.693644	-7.840405	
AT3G63210	-4.380293	-5.773772	-6.680641	-7.292191	-10.350424	-11.591755	
AT3G63370	-7.092026	-9.581185	-9.296968	-8.427773	-8.451540	-5.362764	
AT4G00238	-0.382077	-1.790951	-2.086345	-1.501309	-2.105794	-1.300140	
AT4G00270	-0.398484	-1.126076	-1.327357	-0.888932	-1.170266	-1.201659	
AT4G00280	-12.762318	-10.214759	0.000000	-10.071468	-8.844526	-9.486009	
AT4G00360	-4.165243	-4.712812	-3.839208	-2.584150	-3.616477	-6.120025	
AT4G00380	0.427586	-0.457538	-0.936702	-0.855114	-4.094161	-4.769893	
AT4G00730	-1.593056	-2.467808	-2.695914	-2.509183	-3.965768	-2.566379	
AT4G00740	-1.576721	-2.755280	-2.870070	-2.419349	-3.276058	-2.459002	
AT4G00950	-3.996143	-5.040494	-5.808453	-4.519630	-4.178096	-6.640193	
AT4G01040	-1.158426	-2.075307	-2.753205	-2.714652	-4.481696	-3.804993	
AT4G01330	-2.766740	-3.440074	-3.276858	-2.327911	-2.921791	-3.311905	
AT4G01460	-2.212953	-2.569674	-2.439252	-2.103221	-4.236300	-5.025931	
AT4G02430	-3.433708	-3.553202	-3.386425	-2.810990	-3.231013	-1.623941	
AT4G02480	-0.493456	-1.234851	-1.522015	-0.668890	-0.371264	1.214973	
AT4G02940	-3.627125	-4.482299	-3.949791	-3.260304	-3.347105	-2.586466	
AT4G03140	-3.814893	-4.997277	-4.704528	-3.543330	-4.077355	-4.359631	
AT4G04610	-1.010993	-2.369100	-2.819895	-1.304217	-2.223745	-2.111652	
AT4G04630	-5.624623	-5.829972	-6.641517	-7.729365	-12.454790	0.000000	
AT4G04830	-0.382760	-2.312610	-2.201092	0.452591	0.648856	2.113341	
AT4G05110	-5.131039	-2.454841	-1.681919	-1.393303	-2.896360	-5.329475	
AT4G08868	-8.840768	-11.195864	-11.065896	0.000000	-10.689941	0.000000	
AT4G10430	0.137250	-0.402465	-0.358311	0.184713	-0.045124	0.492753	
AT4G10845	-7.753734	-9.042368	-7.516284	-6.179624	-4.904775	-2.771022	
AT4G11040	-3.087261	-3.368061	-2.573179	-0.293043	0.820607	1.542240	
AT4G14680	-1.116292	-2.858444	-3.357002	-2.822547	-3.949254	-3.327140	
AT4G14690	2.586914	-0.367221	-0.190235	0.019412	-3.365326	-7.232646	
AT4G15215	-5.979487	-6.515513	-6.241794	-5.307788	-6.881949	-5.899811	
AT4G15390	-0.760029	-2.795979	-5.120050	-6.341163	-4.905736	-0.957548	
AT4G15975	-4.815152	-7.266759	-7.444403	-6.622550	-10.517038	0.000000	
AT4G16563	-5.035101	-6.405626	-6.333618	-6.208363	-7.160053	-6.051374	
AT4G16780	-2.431882	-3.305015	-3.554976	-3.107538	-3.475219	-3.483170	
AT4G16820	-10.909844	-13.261990	0.000000	-13.077996	0.000000	0.000000	
AT4G16970	-2.962795	-6.948480	-10.352751	-10.158853	-10.391368	-11.921596	
AT4G16990	-7.455765	-7.327306	-7.061845	-7.823466	0.000000	0.000000	
AT4G17840	-2.834784	-2.038607	-0.813982	0.694462	1.796143	3.380180	
AT4G18020	0.639518	-0.691748	-1.077262	-0.750173	-1.671386	-3.368281	
AT4G18170	-13.116032	-8.914324	-9.129568	-8.876197	-10.546899	-10.009605	
AT4G18210	-11.264598	-11.733483	-9.645807	-7.371582	-4.835776	-1.131625	
AT4G18570	-0.643580	-2.103636	-2.299544	-1.741957	-2.182892	-2.106987	
AT4G18820	-1.968988	-3.222459	-3.188395	-2.540229	-3.076256	-2.693420	
AT4G19020	-1.251378	-2.255359	-2.900094	-3.077365	-6.671831	-11.537719	
AT4G19380	-1.594490	-2.284994	-2.375490	-1.727198	-1.979923	-2.826410	
AT4G19860	-1.197423	-0.951316	-1.020684	-0.347993	-0.540817	0.832885	
AT4G20140	-2.753138	-3.540589	-3.759106	-3.165585	-4.912780	-7.492325	
AT4G20400	-1.639390	-3.312275	-3.586670	-3.080032	-2.848755	-1.446262	
AT4G21370	0.000000	-10.588839	-11.030181	-11.651906	-12.226614	0.000000	
AT4G21510	-5.907514	-7.268093	-7.884593	-7.339559	-10.646796	-6.474724	
AT4G21690	-6.400695	-10.305139	-9.836640	-10.601964	0.000000	0.000000	
AT4G21900	-1.467023	-2.655645	-2.677688	-1.910468	-2.655258	-2.718753	
AT4G21910	-2.036321	-3.388701	-3.396606	-3.498305	-5.116759	-7.394129	
AT4G21960	3.568568	3.837582	4.131307	4.394976	3.402232	1.205411	
AT4G22230	-6.005537	0.000000	0.000000	0.000000	0.000000	0.000000	
AT4G22235	0.599089	-0.869202	-1.663641	-2.173952	-6.372390	-8.399152	
AT4G22770	-1.441490	-2.667971	-2.729981	-2.241909	-2.731960	-1.617324	
AT4G22850	-1.032449	-1.963648	-2.203614	-1.884832	-3.951957	-4.818582	
AT4G23010	-1.115558	0.096027	0.592752	0.969438	-0.292412	-1.276950	
AT4G23060	-3.404193	-4.046523	-3.703376	-3.144821	-3.964317	-3.370539	
AT4G23190	-6.692133	-9.904943	-11.984771	0.000000	0.000000	-11.308506	
AT4G23490	-2.501643	-3.687122	-4.340490	-4.758042	-7.966803	-6.386238	
AT4G23850	1.070578	0.183242	-0.737695	-0.791051	-3.484085	-4.904460	
AT4G24180	-12.172376	0.000000	-11.600304	-12.995294	0.000000	0.000000	
AT4G24410	-13.001742	-9.982112	-9.820590	-11.470452	0.000000	0.000000	
AT4G24610	-1.589739	-4.114578	-4.491304	-3.768774	-3.667958	-2.112608	
AT4G24920	2.527522	2.151507	1.426649	1.413396	-0.937714	-2.131113	
AT4G25140	6.213126	7.757242	8.386153	9.280367	9.835446	10.272266	
AT4G25650	-0.761477	-1.871776	-2.288951	-1.560313	-2.358502	-1.814799	
AT4G25810	-6.342206	-5.593927	-4.710029	-4.165244	-7.899990	0.000000	
AT4G25980	-2.127129	-1.409236	-1.991875	-2.556905	-7.650290	-8.190905	
AT4G26740	-5.513455	-2.850726	-2.850660	-1.786614	-2.319949	-1.928259	
AT4G26950	0.000000	0.000000	0.000000	0.000000	-10.324038	-6.414515	
AT4G27140	2.459744	6.625813	7.215336	8.234931	7.474246	8.657934	
AT4G27160	-8.766271	-2.771092	-3.321821	-2.994983	-3.393940	-3.652654	
AT4G27280	-2.106014	-3.801664	-2.461209	-1.202450	-3.413535	-3.968343	
AT4G27430	-2.068182	-2.002246	-1.813391	-1.288949	-2.375161	-2.538716	
AT4G27760	0.002857	-1.502265	-2.360157	-2.567216	-4.395757	-4.609656	
AT4G28030	-0.977540	-2.823205	-4.094976	-4.415518	-6.004090	-6.020959	
AT4G28190	0.526756	-0.932186	-1.871415	-3.147166	-8.580644	-8.255532	
AT4G28250	-0.527292	-3.305896	-5.855628	-7.624183	-10.819815	0.000000	
AT4G28530	0.000000	0.000000	-10.574032	-8.963793	-10.219949	-11.665906	
AT4G28660	2.367807	0.342747	-0.453652	0.247182	-0.033553	-1.114147	
AT4G29000	-3.876377	-5.583931	-5.322014	-4.334958	-4.224341	-2.352102	
AT4G29070	-0.390830	-0.449635	-0.161815	0.641006	0.256064	-0.146591	
AT4G29190	-2.066099	-2.444913	-2.861405	-2.476595	-2.394642	-2.243647	
AT4G29240	-2.033233	-2.700011	-3.467197	-3.741744	-7.267466	-6.784374	
AT4G29310	-3.471900	-7.851474	-10.698156	0.000000	0.000000	0.000000	
AT4G29950	-4.980485	-4.965441	-4.724996	-3.734775	-3.144906	-1.409510	
AT4G30780	-2.613912	-3.399391	-3.169049	-2.336703	-2.002970	-0.834492	
AT4G31060	-5.778161	-6.617927	-7.906463	-7.046366	-7.582557	-5.828535	
AT4G31520	-6.847394	-8.064104	-10.776729	-10.618172	0.000000	-9.765260	
AT4G31550	-1.105715	-2.057283	-2.257585	-1.451683	-0.924755	-1.599845	
AT4G31560	-1.768273	-3.381932	-3.501680	-3.146809	-2.702113	-1.217926	
AT4G31590	-2.560513	-2.275922	-1.000848	0.348346	1.085470	1.226430	
AT4G31615	-1.908617	-6.606658	-8.291263	-11.171242	0.000000	0.000000	
AT4G31770	-2.287367	-3.946698	-4.355132	-3.783739	-4.484482	-3.815308	
AT4G31820	-2.533309	-4.738278	-5.196984	-5.566425	-7.958876	-6.949614	
AT4G31830	-4.425259	0.732706	1.170936	2.219231	2.832022	3.519089	
AT4G31877	-4.864937	-4.736135	-4.672890	-4.126422	-4.604563	-2.877913	
AT4G32290	-2.488346	-1.945800	-1.063832	-0.522808	-0.143535	0.182739	
AT4G32470	0.949892	-1.203453	-1.675615	-1.063513	-0.913897	-0.188008	
AT4G32480	-9.156638	-11.253507	-11.426605	-10.342158	-10.836051	-5.649039	
AT4G32500	-3.331868	-3.616596	-4.879793	-5.321652	-6.950379	-7.060175	
AT4G32540	-5.504196	-9.638469	-9.621435	-10.268984	0.000000	0.000000	
AT4G32620	-2.773013	-3.851989	-3.798339	-3.170554	-3.042374	-2.092793	
AT4G33280	-0.783456	-1.014554	-1.277456	-1.158822	-2.414683	-2.071512	
AT4G33420	-8.631691	-9.818429	-9.692592	-10.453413	0.000000	0.000000	
AT4G33440	-3.702695	-4.623871	-4.956380	-4.544254	-4.767416	-3.600771	
AT4G33560	-2.572562	-4.486080	-4.549389	-6.390416	0.000000	0.000000	
AT4G33666	-4.768223	-7.396319	-9.075134	-7.261865	-4.678825	-1.896137	
AT4G34160	-1.177006	-3.907868	-5.945775	-6.344633	-9.203202	-7.765007	
AT4G34250	-5.957678	-6.943982	-7.942485	-7.296748	-8.226291	-8.987138	
AT4G34490	-0.681978	-1.968848	-2.406512	-2.143912	-3.275177	-3.047105	
AT4G34520	1.048257	1.424499	1.567139	1.679140	0.287608	-4.466926	
AT4G34530	-1.539101	-7.364299	-7.429217	-6.081569	-5.145460	-4.002719	
AT4G34860	-1.374099	-2.566838	-3.247681	-2.972249	-3.725244	-2.917677	
AT4G34900	-7.410043	-11.132693	-13.415999	-12.467394	-11.948481	-10.400938	
AT4G35060	-8.669005	-12.712479	0.000000	0.000000	0.000000	0.000000	
AT4G35070	-3.542353	-4.178259	-3.718423	-3.200659	-2.521550	-1.176966	
AT4G35410	-1.094490	-2.383978	-3.090392	-3.001656	-4.875019	-5.818098	
AT4G35590	-3.787547	-3.916375	-4.452905	-4.587346	-5.664254	-5.637327	
AT4G35850	0.351467	-1.849472	-2.610452	-2.235233	-3.067375	-1.959670	
AT4G36700	2.822047	3.527255	3.611490	3.769002	1.447629	1.946555	
AT4G36910	1.349546	0.007823	-0.465792	0.517557	1.209431	2.801649	
AT4G37000	-0.141716	-1.368501	-1.724539	-1.593656	-1.809488	-1.454018	
AT4G37300	0.727958	-0.109628	-0.421343	-0.332394	-1.553125	-2.326648	
AT4G37380	-6.108459	-8.464746	-8.436361	-6.600451	-5.880823	-4.097896	
AT4G37550	0.334646	-0.729043	-2.154067	-2.230496	-3.135082	-3.128509	
AT4G38420	-9.403030	-13.216834	0.000000	0.000000	0.000000	0.000000	
AT4G38470	-0.863207	-2.061944	-2.053142	-0.793622	-1.715969	-2.114515	
AT4G38500	-1.635994	-2.948215	-3.226083	-2.636787	-2.895193	-1.822287	
AT4G38620	-2.195090	-3.963873	-4.052705	-5.394619	-11.650130	0.000000	
AT4G38640	-3.189589	-3.721864	-3.622131	-2.941162	-2.627641	-1.614312	
AT4G38700	-6.509234	-8.826253	-9.470349	-8.209818	-7.947954	-10.220948	
AT4G39130	-8.851872	-14.115769	-9.139548	-6.275035	-2.285873	-0.310095	
AT4G39320	0.000000	-11.026603	-11.154322	0.000000	-10.547027	0.000000	
AT4G39350	-2.435373	-1.805743	-1.320513	-0.839152	-2.142438	-2.570939	
AT4G39404	0.000000	0.000000	-8.895587	-6.948180	-6.828434	-5.732781	
AT4G39950	0.000000	-13.414130	0.000000	0.000000	0.000000	0.000000	
AT5G01090	-2.581544	-3.498867	-4.152042	-4.437085	-6.767883	-8.740593	
AT5G01750	-0.463951	-3.874961	-6.827010	-6.971710	-4.081783	-0.181413	
AT5G01950	-4.032273	-5.273519	-5.551860	-5.458191	-5.955613	-4.758201	
AT5G02230	-2.702390	-0.838950	0.158598	1.115090	-0.513022	-5.025201	
AT5G03140	-3.755189	-3.323917	-3.013686	-2.528888	-3.271544	-3.601510	
AT5G03150	-2.424237	-3.642175	-4.355696	-4.486343	-6.716287	-6.333851	
AT5G03190	1.307747	0.031268	-0.753164	-0.868005	-2.348732	-1.557797	
AT5G03770	-5.037534	-6.023086	-6.292727	-5.668184	-5.429145	-3.683537	
AT5G04490	-1.643830	-4.420107	-5.409276	-5.329620	-8.264804	-8.913671	
AT5G04660	-1.814155	-3.362463	-3.544503	-2.835180	-4.039936	-6.038227	
AT5G04940	-1.108993	-2.824146	-3.015492	-2.363705	-2.544943	-1.884642	
AT5G05365	-6.928148	-5.031608	-4.421210	-5.482546	-9.445855	0.000000	
AT5G05690	-1.536129	-1.746383	-1.415142	-0.647236	-2.997343	-3.910437	
AT5G05965	-6.299326	-7.173025	-9.056747	-7.521738	-7.795867	-4.727610	
AT5G06278	-8.972038	-11.104007	-10.676618	-11.068695	-9.298091	-8.098643	
AT5G06530	-7.475315	-10.081758	-10.835622	-13.920950	0.000000	0.000000	
AT5G06670	-2.526193	-3.683946	-4.282942	-4.263623	-6.043895	-5.232766	
AT5G06839	-5.635600	-5.313425	-5.390434	-5.664589	-11.027211	-8.470714	
AT5G07180	-2.180419	-4.003952	-3.881065	-3.557922	-5.446507	-4.693210	
AT5G07190	2.649880	4.871252	5.131734	5.983732	5.972145	4.299252	
AT5G07430	-4.643688	-7.506495	-8.695178	-8.277273	-10.024305	-10.296106	
AT5G07500	-0.169666	0.450604	0.593772	1.040397	-0.193076	-2.982363	
AT5G07990	0.524787	-0.300493	-1.763328	-1.634803	-1.984048	-3.155938	
AT5G08110	-1.550769	-3.556287	-5.030099	-4.844012	-5.503702	-3.768495	
AT5G08460	-6.015956	-7.653355	-8.362310	-7.542309	-9.827626	0.000000	
AT5G09300	0.551959	-0.455957	-0.806349	-0.518520	-1.595003	-1.603058	
AT5G09430	-8.375280	-9.389271	-8.372109	-7.180189	-8.112816	0.000000	
AT5G09540	-2.189184	-2.714038	-2.774423	-2.212197	-3.403890	-4.022778	
AT5G09640	0.971509	1.720098	1.496980	2.091744	1.518520	0.652611	
AT5G10310	-1.714831	-2.676922	-3.169412	-3.182133	-6.341376	-8.862495	
AT5G10450	1.763535	-0.582205	-0.965194	-0.550214	-0.247226	1.453279	
AT5G10510	0.038784	-1.184346	-1.110453	-0.261730	0.382154	1.354686	
AT5G10560	-1.908258	-3.489643	-4.436424	-4.839821	-7.135779	-6.812300	
AT5G10840	-0.737856	-1.914833	-2.552533	-2.565132	-4.933083	-5.296268	
AT5G11160	0.007102	-2.507390	-3.624700	-3.156311	-3.960243	-6.229577	
AT5G11320	-2.401748	-3.142335	-2.934288	-2.323033	-3.919774	-6.465149	
AT5G11420	-5.799160	-10.351306	-12.028043	-11.161443	-8.767518	-5.976174	
AT5G11630	-0.344800	-3.002272	-2.859904	-1.972570	-1.645707	-0.793728	
AT5G11650	-0.785536	-1.246574	-1.048716	-0.532919	-1.976844	-2.464848	
AT5G12220	-2.339750	-4.186508	-4.176564	-3.623752	-3.350738	-1.927581	
AT5G12340	-11.795367	0.000000	0.000000	0.000000	0.000000	0.000000	
AT5G12840	-0.396682	-1.408619	-1.311459	-0.194226	0.714125	2.515358	
AT5G13240	-1.852017	-3.041308	-3.149398	-2.477271	-1.552349	0.877036	
AT5G13270	-5.260999	-7.155753	-7.061799	-6.444168	-6.281082	-4.503234	
AT5G13330	0.000000	0.000000	-10.386534	-7.492408	-4.743368	-2.899138	
AT5G13340	-2.951842	-4.486742	-4.328020	-3.532978	-3.234791	-1.412593	
AT5G13710	1.818233	-0.458458	-1.489080	-2.132361	-5.096867	-6.014273	
AT5G13750	-6.186917	-9.170023	-9.311819	-7.901165	-3.620504	-0.761692	
AT5G13790	1.112321	0.070226	-0.220572	0.207282	-1.257818	-2.530466	
AT5G14120	-5.101805	-5.137095	-4.626850	-3.403126	-2.350947	-0.663007	
AT5G14200	-7.854888	-11.097061	-11.251604	-10.493565	-11.946908	-11.092634	
AT5G14370	-0.532562	-1.934302	-2.734732	-2.790932	-5.795848	-7.795085	
AT5G14620	-1.016239	-2.360928	-2.988853	-2.528865	-2.907405	-2.133226	
AT5G16570	-9.859249	-8.360436	-9.439670	0.000000	0.000000	0.000000	
AT5G16810	-0.766799	-2.108527	-2.441570	-1.904978	-2.445108	-2.583108	
AT5G16980	-7.507385	-5.620393	-5.284419	-4.352891	-4.193423	-1.153009	
AT5G17430	-1.151592	-2.990789	-3.211559	-2.234226	-2.361348	-2.169326	
AT5G19040	-7.997025	-9.146847	-9.132876	-9.145018	-11.528253	0.000000	
AT5G19090	-0.135383	-0.820314	-0.737040	-0.530866	-2.940325	-4.725173	
AT5G19220	0.759498	-0.864558	-1.689382	-1.951187	-4.531936	-5.525706	
AT5G20045	0.000000	-10.053483	-7.663682	-11.033126	-11.377300	0.000000	
AT5G20670	-10.572323	-10.371053	-7.916808	-5.558100	-3.963819	-4.789049	
AT5G21040	-2.078476	-3.340884	-3.082078	-1.958245	-1.059082	0.326735	
AT5G21105	-3.594133	-5.791459	-5.833433	-4.956094	-4.985550	-4.527477	
AT5G21170	-1.781366	-3.466842	-4.238514	-4.035990	-3.767619	-1.233557	
AT5G22630	-2.665525	-3.217483	-3.477893	-4.341907	-6.522993	-6.016419	
AT5G22810	2.964160	0.510441	0.391985	1.052081	-0.288962	-4.236060	
AT5G23350	0.000000	-12.857348	-12.523522	-11.624640	0.000000	0.000000	
AT5G24130	0.298424	-0.712929	-1.233847	-0.219299	0.510499	1.880708	
AT5G25190	-5.637390	-7.779348	-8.010146	-8.649590	-8.279764	-8.750744	
AT5G26345	0.000000	0.000000	0.000000	0.000000	0.000000	-12.859388	
AT5G27360	-0.039665	0.355061	0.294787	0.751577	-1.186198	-4.317494	
AT5G27400	-1.712077	-3.466345	-3.545786	-2.487901	-2.530453	-1.040213	
AT5G28262	-2.507894	-2.794793	-3.498776	-3.066955	-5.034577	-3.755286	
AT5G28840	1.879302	0.477042	0.062560	0.492245	-0.585175	-0.438566	
AT5G38200	-1.887154	-4.250774	-3.695062	-3.875295	-3.125662	-1.655119	
AT5G39760	-4.628764	-4.725308	-4.735843	-4.609572	-6.466203	-7.609984	
AT5G39860	-1.439634	-4.660741	-7.007270	-8.550807	-10.777707	0.000000	
AT5G40420	-3.274773	-1.921604	-1.930018	-0.762802	-0.554935	0.397094	
AT5G40460	-4.965121	-8.540809	-9.887056	0.000000	0.000000	0.000000	
AT5G41460	-1.684408	-2.447856	-2.139037	-1.460749	-2.316418	-5.031292	
AT5G42740	0.215420	-0.718656	-0.918833	-0.095857	-0.394109	0.250294	
AT5G42780	-0.791355	-2.014271	-2.277939	-2.791911	-6.396837	-9.195718	
AT5G44120	-2.487174	-0.244840	-0.082240	0.635834	-0.459597	-0.078112	
AT5G44210	-2.985394	-4.776542	-4.795465	-4.488390	-6.424718	-9.045416	
AT5G45830	-11.810688	-6.305925	-5.419134	-3.976257	-2.835068	-2.396476	
AT5G46290	4.017663	1.749273	0.575560	0.490007	-2.059442	-4.311122	
AT5G46910	-2.366918	-3.104419	-3.448317	-3.177394	-4.412352	-4.414274	
AT5G47230	-6.285718	-9.476359	-8.737030	-9.084726	-10.528589	-11.364247	
AT5G47430	-2.842308	-4.107018	-4.163411	-3.138354	-2.710932	-1.104602	
AT5G47670	3.619993	1.895759	-0.461563	-2.053569	-4.866137	-5.497931	
AT5G48170	-4.681400	-7.746419	-7.998801	-7.436290	-8.745716	0.000000	
AT5G49280	-4.914588	-2.947542	-1.230736	-0.737982	-1.747812	-4.290766	
AT5G49360	-1.587082	-5.573866	-10.879113	-12.759304	-12.723264	0.000000	
AT5G49560	-6.186808	-9.885590	-9.925521	-10.600288	-9.383348	-4.200985	
AT5G51190	-5.249087	-9.130011	-7.400296	-5.935820	-7.737964	-7.340791	
AT5G51310	-7.003696	-10.144380	-11.887042	-10.322342	0.000000	0.000000	
AT5G51700	-1.402420	-3.063744	-3.365233	-2.463609	-2.372029	-1.666718	
AT5G52230	-0.787746	-0.915996	-0.929533	-0.487340	-1.889545	-2.239182	
AT5G53100	-7.142664	0.000000	0.000000	0.000000	0.000000	0.000000	
AT5G53940	-0.656676	-1.336138	-1.631466	-1.135418	-0.881189	0.666312	
AT5G54710	0.000000	0.000000	0.000000	0.000000	0.000000	0.000000	
AT5G54740	-0.952491	2.251910	3.135905	4.201174	4.668711	5.855774	
AT5G54770	4.425681	3.611802	3.071050	3.523656	3.395332	2.980242	
AT5G54800	-0.570866	-1.411143	-1.552665	-1.045498	-1.104784	-0.175624	
AT5G55250	-1.740623	-2.577462	-2.921389	-2.277772	-1.914646	-0.667338	
AT5G55480	-0.431533	-1.758345	-2.202234	-2.109997	-3.962963	-4.453421	
AT5G55610	-1.233858	-3.166799	-3.420355	-2.517017	-2.378870	-1.699971	
AT5G55620	1.182362	1.602719	2.202894	3.020970	2.207762	-1.612460	
AT5G55800	-13.377453	0.000000	-14.458729	0.000000	0.000000	0.000000	
AT5G56040	-5.267747	-4.490045	-4.659220	-3.839617	-5.125536	-7.003970	
AT5G56240	-2.616688	-3.516099	-3.590985	-2.792642	-2.831622	-2.010840	
AT5G56300	-4.543968	-6.755845	-7.182644	-7.300760	0.000000	0.000000	
AT5G56367	-14.288371	-11.546303	-14.147548	-14.182515	-13.356042	0.000000	
AT5G56630	-3.079914	-5.478860	-5.746419	-4.827189	-4.366360	-2.368343	
AT5G56990	-7.563979	-8.699317	-8.717421	-7.876574	-9.917394	0.000000	
AT5G57010	-13.637588	-12.590793	0.000000	0.000000	0.000000	0.000000	
AT5G57123	0.928462	0.181437	-0.441579	-0.204824	0.121637	1.585872	
AT5G57310	-7.023992	-7.433142	-6.697625	-7.018048	-7.359701	-7.417641	
AT5G57550	0.000000	-10.068016	-7.337615	-4.937995	-1.070292	-0.333137	
AT5G57655	2.007489	0.517517	-0.298681	0.260565	-0.470547	1.009135	
AT5G57710	-4.834965	-4.624913	-3.742640	-2.383271	-1.621613	-0.211230	
AT5G57785	-6.424500	-7.372756	-8.157722	-6.970135	0.000000	-7.772801	
AT5G58070	0.669459	0.010969	1.295918	2.545372	3.417378	4.043994	
AT5G58190	-3.506266	-5.143537	-5.491673	-4.773770	-4.469482	-3.000026	
AT5G58575	-3.301855	-4.194486	-4.416958	-3.899380	-4.565487	-3.278861	
AT5G58620	-2.770131	-5.440897	-6.013009	-5.544106	-6.042314	-5.272128	
AT5G58660	-2.934853	-3.605526	-4.174990	-3.364005	-3.350937	-2.277836	
AT5G58730	-1.034041	-1.298182	-1.636284	-1.081596	-1.722166	-2.178603	
AT5G58870	-2.041474	-3.085532	-2.935878	-2.176082	-2.407018	-1.040129	
AT5G59340	-6.964033	0.000000	0.000000	0.000000	-11.032385	-5.145858	
AT5G59780	-12.630555	0.000000	0.000000	-12.332046	0.000000	0.000000	
AT5G59960	-0.307389	-0.764169	-0.935106	-0.189355	-0.699680	0.405275	
AT5G60170	-2.072876	-2.765721	-2.716380	-2.035641	-2.569962	-1.795710	
AT5G60300	-2.684715	-2.528930	-1.744073	-0.866692	-1.260522	-1.666323	
AT5G60460	0.881702	0.929741	1.023147	1.386211	0.894998	0.853028	
AT5G60470	-9.013050	-10.635381	0.000000	0.000000	0.000000	0.000000	
AT5G60760	-1.670075	-1.633924	-1.178483	0.094351	1.209062	3.178070	
AT5G61430	-10.811789	-10.796473	-10.721493	-11.145495	0.000000	0.000000	
AT5G61450	-2.277829	-2.600496	-2.820364	-2.226807	-2.468260	-1.081800	
AT5G61610	-8.587619	-5.769297	-4.904161	-4.192822	-4.209283	-4.762073	
AT5G62000	-0.639471	-1.899500	-2.066915	-1.688644	-1.810871	-0.233670	
AT5G62230	-1.979765	-4.159219	-5.005370	-5.192299	-7.061906	-6.686521	
AT5G62400	-1.386252	-1.873165	-2.445711	-2.376499	-3.570890	-4.981293	
AT5G62800	0.829171	0.359686	0.050143	0.595635	-0.007029	-0.666277	
AT5G63350	-5.824320	-5.081433	-2.815219	-0.704069	0.275016	1.344644	
AT5G63850	-12.732294	-7.250289	-6.307343	-8.829063	0.000000	0.000000	
AT5G64120	0.000000	0.000000	0.000000	0.000000	0.000000	0.000000	
AT5G64620	-0.435050	-1.682966	-2.986886	-3.887136	-6.566380	-6.944115	
AT5G65100	0.000000	0.000000	-13.559584	-8.799467	-5.129280	-2.308215	
AT5G65165	-3.389106	0.013733	0.378066	1.402168	1.951346	3.234289	
AT5G65310	-3.479765	-5.497812	-5.643691	-4.254232	-4.801298	-4.772265	
AT5G65510	-1.907669	-3.894487	-4.608177	-4.497130	-5.038939	-3.487609	
AT5G65683	-5.707558	-7.296831	-8.002277	-8.321626	-11.651593	-9.726150	
AT5G65700	-0.513374	-1.758831	-2.517560	-2.931594	-5.138720	-5.524774	
AT5G65920	-2.178480	-3.868634	-3.960288	-3.472025	-3.731483	-2.740374	
AT5G66100	0.007623	-0.410085	-0.430925	0.159557	-0.063641	0.379328	
AT5G66170	-5.619187	-6.141809	-6.965444	-7.693721	-9.944887	-7.543258	
AT5G66300	-6.660674	-7.756419	-7.990025	-7.306452	-10.577087	-9.744326	
AT5G66310	-2.803837	-3.200984	-3.343467	-3.013265	-5.340423	-7.225524	
AT5G66430	0.000000	0.000000	0.000000	0.000000	-8.826786	-6.545959	
AT5G66650	-1.338636	-2.674624	-1.351786	-1.175350	-2.141474	-5.329234	
AT5G66910	-5.287209	-6.304554	-7.381668	-6.903814	-7.904427	-5.537379	
AT5G66940	-2.448988	-6.684220	-7.955174	-8.578250	-6.827496	-8.089465	
AT5G67411	-4.832414	-11.033507	0.000000	0.000000	0.000000	0.000000	
