AT5G57760	0.000000	0.000000	-7.356380	-4.364377	-3.653151	0.000000
AT5G62550	-0.912766	-4.739026	-7.004074	-8.534632	0.000000	-10.736126
AT5G05110	-4.792239	-4.513770	-3.527023	-2.363339	-0.804252	1.024764
AT1G44170	-2.011456	-2.460285	-2.999973	-2.686724	-3.482360	-2.385405
AT3G13150	-4.556544	-7.536230	-7.342194	-6.719335	-5.437010	-3.947790
AT3G53320	-2.904650	-5.920056	-6.537840	-6.071413	-5.778233	-4.094119
AT1G08050	-9.484692	-11.155418	-10.318952	-8.820684	-4.660034	-1.164335
AT2G45820	-0.872836	-2.158794	-1.718451	-0.117276	1.000128	2.723398
AT1G79840	-4.115228	-4.843121	-4.812558	-5.119865	-8.178375	-6.986711
AT1G15980	-5.231128	-10.699604	-14.309813	-11.536468	0.000000	0.000000
AT5G10300	-3.607092	-5.764504	-6.979872	-7.189717	-5.061395	-1.007063
AT1G53240	2.487713	0.269678	-0.626482	-0.515874	-1.914061	-1.233582
AT3G53890	3.130348	0.591760	0.248413	0.729698	-0.301451	0.426115
AT3G03810	-4.539669	-4.961524	-4.762932	-3.841302	-4.246881	-3.359474
AT1G73210	-2.206738	-1.272373	-0.918666	0.034780	-0.887853	-0.502810
AT5G43950,AT5G43960	-1.391792	-3.928339	-4.164765	-3.460573	-2.993336	-1.758494
AT1G64230	0.996684	-0.232607	-0.761297	-0.031899	0.003739	2.610980
AT3G62260	-2.644043	-2.861280	-2.589162	-1.562078	-1.003393	0.244789
AT2G05220	4.016691	1.807105	1.322287	1.579243	0.196846	1.147370
AT4G11800	-2.980590	-3.140673	-3.079650	-2.244345	-2.730297	-1.866758
AT2G18160	-1.126886	-2.152095	-2.353039	-2.270068	-5.314164	-3.665908
AT5G18450	0.000000	-6.404563	-3.240736	-1.105543	0.807379	2.867296
AT2G27960	-0.645102	-3.149949	-4.020146	-3.852403	-5.055676	-4.262077
AT2G36990	-1.937434	-5.446573	-7.241615	-7.493295	-7.777320	-5.343506
AT1G78390	-9.370884	-6.040374	-4.066934	-2.933679	-3.427128	-5.195959
AT3G49710	-5.999744	-8.216300	-8.555163	-7.511837	-6.463454	-4.450171
AT4G29340	0.000000	0.000000	0.000000	0.000000	0.000000	-8.691071
AT5G66590	-2.179326	-4.959561	-5.470245	-4.805980	-2.402196	-0.472285
AT3G48270	-12.671089	-3.822279	-1.608403	0.108662	1.532461	2.632918
AT1G77450	-5.531616	-4.371973	-3.158225	-1.666826	0.679058	2.559757
AT2G42840	2.828667	1.649568	2.104098	3.149546	3.687994	0.992228
AT1G42990	-1.508380	-2.057245	-2.549100	-2.117681	-2.224330	-0.949912
AT2G19090	-3.070429	-5.221205	-6.140504	-6.731942	-10.934551	-9.763441
AT4G36880	-6.567380	-12.362980	0.000000	0.000000	0.000000	0.000000
AT4G06744	-7.463417	-6.929411	-6.794505	-7.324576	-7.626541	-6.440533
AT4G22340	-2.862215	-3.623251	-3.484012	-2.946553	-2.633706	-0.849501
AT5G40382	-8.961755	-3.956136	-2.548541	-1.335437	0.325566	1.913707
AT3G48195,AT3G48200	-2.370896	-3.379843	-4.858433	-4.486342	-4.044118	-2.517863
AT5G01560	-4.420078	-4.915667	-5.376391	-4.996050	-5.776647	-4.640170
AT4G27820	-10.282575	-8.894320	-6.352441	-5.518454	-4.342830	-4.056878
AT4G27230	2.555633	0.009743	-0.763896	-1.114380	-1.291004	-0.801434
AT2G34960	-14.332938	0.000000	-10.523256	-6.865026	-4.558566	-5.151328
AT2G15290	0.707012	-2.016271	-2.803960	-2.122817	-1.854488	-0.610795
AT1G63610	0.056285	-3.224089	-4.094408	-3.677486	-3.969381	-3.147670
AT2G31270	-1.395078	-4.982340	-6.510625	-7.273949	-11.301031	0.000000
AT1G18670	-4.948085	-5.037761	-5.621340	-5.719806	-8.790334	-7.635246
AT3G62840	1.827217	-0.532457	-0.765542	0.160602	0.891672	2.433159
AT5G04370	-14.709616	-5.811413	-4.381257	-4.033294	-5.011651	-5.326655
AT5G15680	-3.469241	-4.248628	-4.232990	-3.326529	-3.072937	-1.783628
AT1G53040	-1.837174	-2.961859	-3.488951	-3.315968	-5.306132	-5.533054
AT4G08455	-3.108246	-4.585180	-4.818020	-4.196194	-2.951193	-1.389464
AT1G04030	-1.837487	-3.917947	-4.806651	-4.633433	-4.884780	-3.537530
AT3G42860	-4.730555	-7.639410	-6.504566	-4.697037	-2.509738	-0.170479
AT5G23250	-0.571917	-2.779854	-3.071216	-2.559460	-2.657869	-1.455722
AT2G46110	-1.647996	-4.180745	-6.077728	-5.425426	-5.853473	-4.838853
AT5G02180	-9.781058	-6.871861	-6.254482	-6.509176	-8.920988	0.000000
AT2G19385	-2.510282	-5.504971	-5.390412	-4.358982	-3.823360	-2.397038
AT2G34380	-4.888842	-5.215496	-4.520152	-3.523410	-3.018304	-1.430542
AT4G35290	-5.062057	-5.901459	-5.822475	-5.784501	-9.482380	-10.884873
AT3G63130	0.006487	-2.756707	-3.148795	-2.981342	-3.494049	-2.483689
AT1G79850	1.791124	-1.622251	-3.223029	-3.725964	-4.093374	-2.035600
AT3G32930	0.306198	-2.202501	-3.263964	-2.698444	-2.903758	-0.617990
AT4G19950	-10.918576	-8.359318	-7.628198	-6.482275	-5.514029	-3.440706
AT3G61450	0.000000	0.000000	0.000000	-10.707596	-5.932114	-2.841715
AT1G10522	-0.557608	-4.741627	-5.379592	-4.660500	-3.723265	-1.740501
AT1G60985	0.000000	-8.363157	-7.512435	-8.042818	0.000000	0.000000
AT4G34760	-1.532204	-2.453291	-2.999534	-3.313770	-6.349491	0.000000
AT4G13930	1.233828	0.467500	-0.029353	-0.576436	-2.649068	-2.819089
AT5G39820	-5.167874	-6.799931	-7.786350	-8.259307	0.000000	0.000000
AT5G60820	-3.880396	-4.587044	-4.885954	-4.864319	-5.931008	-4.422580
AT4G02100	-3.963183	-5.757477	-7.118522	-8.224244	0.000000	0.000000
AT1G16880	0.172748	-4.106330	-5.934172	-7.022438	-8.436817	0.000000
AT1G74020	-5.241227	-4.451912	-3.951017	-3.650418	-3.881380	-4.076028
AT2G39730	2.412590	-1.260018	-3.267965	-3.126123	-4.690290	-5.212359
AT2G14830	-2.947666	-4.165121	-3.897645	-3.264850	-2.410709	-0.786634
AT4G27440	1.773776	-3.241896	-6.266814	-6.516760	-8.806966	-9.613029
AT4G24770	1.743278	-3.333427	-4.456324	-3.811893	-2.077990	1.427084
AT3G19810,AT3G19820	2.542495	0.955660	-0.218829	-0.744191	-2.510071	-0.879802
AT3G24430	-0.893659	-3.698755	-4.453851	-3.938131	-4.927671	-2.925213
AT3G17460	-4.396205	-6.290445	-6.134121	-5.148777	-4.733132	-3.727759
AT5G08670	1.072925	-1.352748	-2.204089	-1.887324	-2.156168	-0.179109
AT3G27180	-1.676525	-4.943791	-4.963962	-3.761363	-4.368195	-3.118010
AT1G08360	3.004255	1.138242	0.946878	1.450329	0.320108	1.740218
AT1G78430	-2.558392	-6.992615	-9.246029	-10.096406	0.000000	0.000000
AT5G05330	-2.045446	-4.158465	-5.514464	-6.062173	0.000000	0.000000
AT1G03220	-3.441590	-5.785844	-6.646934	-6.593122	-8.176662	-7.362448
AT3G56090	0.256436	-3.821078	-5.913247	-6.285283	-2.454904	-0.979799
AT2G26580	-1.286117	-2.414108	-2.049177	-1.370901	-2.201760	-5.755963
AT1G11710	-6.161673	-8.453433	-8.030744	-7.206424	-6.737327	-4.199625
AT3G21400	-2.184743	-2.713008	-2.734445	-2.100582	-2.044941	-1.298462
AT1G71500	-0.704679	-3.657240	-4.599555	-4.650794	-4.809031	-3.556837
AT5G11310	-5.227149	-7.622045	-7.178405	-5.559481	-4.096804	-2.011492
AT4G12382	-11.572232	0.000000	-10.846414	-9.057615	-6.487900	-3.742727
AT5G18570	-2.339024	-5.760676	-6.360462	-5.638214	-5.547870	-3.994712
AT1G28310	-2.762333	-3.613355	-3.300556	-2.746275	-3.659785	-3.967457
AT3G52290	-3.569179	-4.216984	-4.726130	-4.437527	-5.158780	-5.813346
AT3G26295	0.000000	0.000000	0.000000	-13.870014	-7.871232	-3.817500
AT2G45780	-9.914356	-12.197897	0.000000	0.000000	-8.605436	-6.832013
AT5G32440	-0.665515	-1.656180	-1.688734	-0.997650	-0.325895	1.193094
AT1G26640	-1.196067	-2.470669	-2.804344	-2.526519	-3.467305	-2.745078
AT3G22840	-4.369226	-3.289106	-0.145088	0.589493	0.174319	-0.206436
AT5G52250	-11.141740	0.000000	0.000000	0.000000	-10.156563	-7.736497
AT3G25230	0.552959	-1.639487	-1.951411	-0.917619	-0.198421	1.536475
AT3G12210	-0.666830	-2.645481	-2.797922	-1.999583	-1.492147	-0.266082
AT2G05790	0.357414	0.305543	0.436186	0.468321	-2.551421	-4.736903
AT1G79630	-2.156509	-3.092722	-2.869667	-1.908141	-3.012731	-2.658597
AT5G62020	-6.450815	-5.690124	-4.995764	-3.986774	-4.004195	-2.960051
AT1G47950,AT1G47960	-8.259467	-4.478186	-3.513487	-3.002818	-3.714380	-3.984361
AT2G30933	-4.907556	-5.549305	-5.750214	-5.735143	-7.923956	0.000000
AT3G57062	-3.607653	-5.617383	-6.083809	-6.061811	0.000000	0.000000
AT5G49440	-0.846300	-3.771160	-5.885782	-7.114791	-8.117304	-3.765391
AT4G30390	-3.661745	-4.939214	-4.488470	-3.645305	-2.594070	-0.918749
AT5G63530	1.003328	0.659667	1.050276	1.713318	1.707174	1.611707
AT5G22650	1.932251	-0.857562	-0.968834	-0.115382	0.230630	1.671465
AT2G17450	-4.107291	-4.143125	-3.940202	-3.382530	-2.864256	-1.291224
AT2G22740	-2.979041	-3.160355	-3.446268	-2.851558	-3.005171	-2.838394
AT4G12830	-1.601403	-4.610470	-4.921029	-5.202969	-7.441082	-5.841581
AT2G34260	-2.120818	-4.716155	-4.666297	-3.494204	-3.070010	-0.999362
AT5G60210	-1.115338	-2.460126	-2.508113	-2.135945	-4.753781	-6.357789
AT2G21970	-1.856407	-1.768620	-2.020179	-1.931327	-2.737434	-1.621274
AT4G33140	-0.471160	-0.570238	-0.621830	-0.148343	-1.522447	-2.993344
AT3G21220	-3.440008	-4.989207	-4.833107	-3.996793	-3.343761	-1.942508
AT3G61260	-0.302734	-0.487392	-0.613715	0.325234	0.857128	2.535119
AT3G62120	0.884885	-1.339535	-2.391705	-2.239600	-3.219838	-2.771335
AT5G51370	-3.423313	-3.609742	-3.821852	-3.170092	-3.620182	-2.853464
AT2G40300	-1.940175	-3.700456	-3.998897	-3.435019	-1.167306	-0.793259
AT5G19770	0.598642	-1.726354	-2.588078	-2.012364	-2.074369	-0.515489
AT2G46630	0.000000	0.000000	-9.210071	-8.907831	0.000000	0.000000
AT2G01130,AT2G01140	2.271797	0.924679	0.149082	-0.120712	-1.711582	-0.946613
AT5G04170	-2.147611	-3.001863	-3.071107	-2.213892	-1.226330	0.550398
AT1G22930	-3.793374	-3.462782	-2.906035	-1.714618	-0.856745	1.041624
AT2G16595	-1.230322	-1.499474	-1.299023	-0.771060	-1.234610	-0.068428
AT1G09130	1.896982	-0.332303	-0.971024	-0.243417	0.465959	1.863721
AT5G17190	-0.595492	-0.535454	-0.326136	0.649086	1.600183	2.724085
AT2G25770	-3.264603	-0.240983	0.537757	1.663223	1.933941	0.893666
AT1G76590	-10.577325	-9.721871	-4.432847	-1.777385	0.009964	1.864690
AT5G14360	0.000000	-6.473032	-4.820269	-4.341827	-8.731632	0.000000
AT3G54990	-6.405202	-3.846396	-3.501261	-2.608873	-2.396105	-2.871415
AT4G14210	-1.337942	-3.341292	-3.308231	-2.542098	-2.240200	-1.256635
AT4G30890	-1.445041	-3.342327	-3.459462	-2.645483	-2.223341	-0.741978
AT4G37590	-2.310990	-3.859309	-3.675937	-2.766148	-4.090312	-5.522748
AT3G27120,AT3G27130	-3.810852	-7.024917	-6.770373	-4.729248	-4.019620	-2.562092
AT3G26510	-5.948141	-7.906180	-9.115437	-9.065321	-5.075807	-2.997754
AT1G03090	-2.733773	-3.078873	-3.173813	-2.338239	-2.739122	-0.810624
AT1G59900	-0.493215	-1.832629	-2.262692	-1.714761	-0.969976	1.219993
AT2G33340	0.582204	-1.774531	-2.040399	-1.361137	-1.011771	1.173378
AT4G02070	-3.125218	-6.079220	-6.527152	-6.193900	-5.728820	-3.772643
AT4G39955	-12.051871	-8.944848	-8.420730	-7.747208	-8.158593	-7.270948
AT3G50830	-3.345995	-3.748149	-3.611058	-2.481038	-1.043314	0.568881
AT5G62500	-0.562366	-1.806263	-2.287588	-2.192734	-4.738096	-6.930917
AT2G15440	-4.858609	-4.239146	-3.694891	-3.510402	-5.650101	-4.556795
AT2G47720,AT2G47730	-1.130167	-4.934494	-6.427142	-5.887625	-4.885841	-3.025987
AT1G02560	1.645869	-1.252062	-2.184073	-1.343237	-0.708100	0.850373
AT5G22340	-0.882800	-3.469281	-4.267225	-4.072924	-4.959269	-2.986843
AT4G30130	-3.499302	-7.038444	-8.723686	-8.640990	-9.841026	-6.880868
AT4G02800	-0.468331	-4.775919	-7.327151	-8.495150	0.000000	0.000000
AT3G50700	-5.403148	-7.602841	-8.682176	-8.906088	-12.881050	-7.839220
AT1G73940	-0.312630	-2.753422	-3.157970	-2.572937	-2.434054	-0.708841
AT4G20010	-1.075128	-4.020932	-3.992440	-2.762140	-1.838537	0.088691
AT2G35075	-7.779759	-6.528564	-6.292516	-4.945141	-5.336273	-4.062141
AT1G26440	-5.142516	-5.080349	-4.551612	-3.589575	-3.083052	-1.546466
AT4G33210	-2.521319	-2.937080	-3.007812	-2.281270	-2.476139	-0.961370
AT4G03390	-2.735737	-2.976824	-2.853206	-2.006082	-1.752005	-0.903008
AT3G03780	-5.170260	-3.627244	-3.128696	-4.256092	-7.572261	-7.286776
AT5G38560	-3.503125	-3.877558	-3.322936	-2.488309	-2.621815	-2.196767
AT3G22230	1.765304	-1.027523	-1.285056	-0.623126	-0.813546	0.465956
AT1G75730	-2.760557	-2.854632	-3.762772	-4.765001	-7.531402	-6.672168
AT5G67270,AT5G67280	-0.365810	-3.087999	-3.574548	-3.184793	-5.520742	-9.253562
AT4G27460	-2.679519	-2.431774	-3.140399	-2.403898	-1.140336	0.222167
AT1G77720	-3.573059	-6.914539	-7.613307	-6.468712	-5.707420	-3.709419
AT3G28160	-4.216829	-4.186024	-4.577878	-4.633712	-4.984927	-4.564485
AT3G12290	-0.030750	-1.837451	-3.330864	-3.657525	-4.672334	-3.373897
AT5G63010	-3.987967	-6.697558	-6.753016	-6.133352	-5.863328	-4.028497
AT5G02440	-2.497638	-5.311313	-7.271799	-8.932181	0.000000	0.000000
AT5G66690	-8.211107	-9.606804	-8.725289	-7.883699	-8.977769	0.000000
AT4G22310	0.477056	-1.631924	-1.970741	-1.403586	-1.297848	-0.090286
AT5G60400	-1.877223	-0.688600	-1.050314	-1.400708	-3.622643	-3.612741
AT2G31350	-1.240597	-1.344141	-1.366293	-0.450554	0.145798	2.185518
AT2G01950	-5.809488	-6.760921	-8.551776	-8.501403	-14.320397	0.000000
AT5G16550	-3.263499	-4.295898	-4.236237	-2.949787	-0.962186	0.418402
AT3G16080	2.174768	-0.292931	-0.568901	-0.094769	-1.356682	-0.853424
AT2G28760	-4.414567	-5.709783	-6.508662	-6.478518	-11.152154	0.000000
AT5G36890	-2.191208	-5.315968	-6.681314	-6.271656	-6.682427	-4.279385
AT5G36160	0.501307	-0.281722	-0.674337	-0.576225	-1.499017	-1.133492
AT1G64080	-2.075972	-2.562502	-2.607522	-2.351252	-2.979658	-2.201162
AT5G58140	-3.321382	-6.012611	-7.372408	-7.082488	-7.044171	-5.385907
AT2G44040	-0.825321	-5.072355	-5.412897	-4.352817	-3.733818	-1.944842
AT5G65470	-1.923587	-3.727924	-3.257499	-1.788480	-0.023736	1.496655
AT2G23290	-4.518528	-5.951654	-5.812517	-4.681848	-3.486004	-2.415257
AT5G23060	1.486410	-0.935459	-3.650519	-5.204824	-8.554793	-8.456152
AT5G04710	-1.748852	-3.916374	-4.320869	-3.775955	-3.520788	-2.057176
AT2G40170	0.000000	0.000000	-4.919868	-3.405578	5.351690	9.237146
AT1G47980	-13.587353	0.000000	-8.531473	-6.375772	-3.477016	-1.932220
AT5G25350	-3.568490	-3.773779	-3.259527	-2.044906	-0.541227	1.188047
AT5G46580	-2.438798	-6.642014	-7.003736	-6.051210	-5.634605	-3.515001
AT3G15180	-1.887999	-2.946681	-2.692836	-1.219787	0.207183	1.988868
AT3G20270	-2.326010	-3.705709	-5.057454	-5.397439	-4.931323	-2.871029
AT5G45430	-1.092769	-1.727622	-1.174429	0.054093	0.645288	2.056243
AT1G54240	-7.663113	0.000000	0.000000	0.000000	0.000000	0.000000
AT1G03590	-3.569766	-4.063856	-4.058839	-3.421380	-4.301677	-3.830861
AT5G57930,AT5G57950,AT5G57940	-0.347949	-2.540045	-2.651191	-1.902917	-1.873362	-0.467464
AT3G55360	1.580909	-0.104411	-0.765869	-0.751704	-1.971468	-2.172252
AT5G53470	-1.283222	-2.357844	-2.407875	-1.055072	0.081971	1.253265
AT3G53500	0.824020	-1.217234	-1.792043	-1.274947	-0.687054	1.286925
AT4G34620	2.999827	0.789226	-0.346968	0.613537	0.367933	2.412229
AT3G15200	-5.636448	-7.632758	-7.550763	-6.585554	-5.870280	-4.216448
AT4G31680	-2.900310	-8.066710	0.000000	0.000000	0.000000	0.000000
AT3G46560	-0.210480	-2.757259	-3.225174	-2.342478	-2.111095	-0.268835
AT4G18010	-13.151730	-6.879605	-3.394792	-2.424763	-3.997262	-7.429082
AT5G43850	-1.102828	-1.529435	-1.514416	-0.861348	-0.641042	0.159339
AT5G57420	-3.906936	-4.859951	-5.204556	-5.604318	-10.000682	0.000000
AT5G63140	-1.951781	-3.427814	-3.850432	-3.920064	-7.577788	-7.791862
AT3G14540	-4.548491	-11.635541	0.000000	0.000000	0.000000	0.000000
AT4G18335	-9.243617	-8.403023	0.000000	-9.505109	0.000000	0.000000
AT3G23280	-1.768996	-1.956570	-1.954159	-1.431834	-2.265001	-1.766174
AT3G14700	0.000000	-13.595369	-9.075938	-6.285454	-3.752380	-1.752134
AT5G66220,AT5G66230	-0.201588	-4.969065	-7.352242	-8.464741	-10.856897	-9.747869
AT5G20510	-2.015699	-3.584540	-3.987087	-2.336506	-1.252730	0.302244
AT1G03120	-0.686322	-1.203283	-1.535327	-0.740145	0.676739	2.119246
AT3G02730	1.357372	-0.265439	-1.078211	-1.276250	-3.016140	-5.147939
AT4G11570	-1.616973	-1.982798	-1.648659	-0.389362	0.736943	2.423153
AT4G17560	1.056995	-3.494383	-5.590137	-5.785537	-6.441722	-3.826158
AT4G30850	-1.137576	-1.397431	-1.333806	-1.541971	-5.704710	-8.125605
AT4G18422	0.000000	-6.609157	-5.063893	-5.342172	-8.140620	0.000000
AT3G30842	-9.989719	-4.788116	-5.049440	-4.014405	-4.309806	-7.304330
AT1G72700	-4.284600	-4.420103	-4.751035	-5.175156	-7.823605	-7.746508
AT2G36380	-4.472273	-3.842011	-2.605504	-1.484106	-1.756130	-2.077038
AT4G27570	-5.820197	0.000000	0.000000	0.000000	0.000000	0.000000
AT4G33360	0.103444	-1.439840	-2.176189	-1.938380	-3.510739	-5.017172
AT1G55900	-1.373860	-3.590808	-3.678989	-2.820205	-2.621129	-1.463416
AT3G14090	-4.945280	-6.335616	-6.270345	-5.525486	-4.756520	-3.320525
AT3G57110	-6.680975	0.000000	-8.963372	-7.564742	-6.409141	-5.735351
AT2G20960	-4.605080	-7.925285	-8.950540	-8.274899	-9.728130	-8.421431
AT4G18195	0.000000	0.000000	0.000000	-10.050997	-7.779137	-5.382997
AT1G03870	-11.014194	-7.290236	-3.390674	-2.711711	-4.467455	-6.581212
AT1G27130	-4.519587	-4.638937	-4.544984	-3.452204	-2.300814	-1.267704
AT3G19260	-3.429448	-4.099934	-3.889170	-2.956856	-3.137165	-2.477895
AT5G27190	-4.306607	-6.241210	-7.957936	-9.024863	-13.984453	0.000000
AT2G39930	-1.854219	-2.952264	-3.693347	-3.677727	-5.431932	-3.366442
AT1G63970	0.170420	-2.273892	-2.875609	-2.036334	-1.136206	0.167753
AT3G06070	-8.318906	0.000000	0.000000	0.000000	0.000000	0.000000
AT5G16750	-2.894850	-5.533162	-5.426913	-4.495178	-4.440713	-2.089605
AT5G08270	-4.160345	-6.463952	-6.431162	-5.074700	-3.726446	-2.029566
AT3G25882	-3.896165	-4.336786	-3.272569	-2.475664	-2.605634	-2.170253
AT2G36460	-0.310726	-0.500670	-0.553678	0.260203	1.409013	2.875431
AT1G08570	-0.807163	-0.836300	-0.298652	0.960773	1.909234	3.370988
AT4G25300	-4.389727	-3.876248	-3.715317	-3.475942	-4.976401	-4.641916
AT5G63790	-5.498406	-7.349799	-6.998441	-5.624945	-4.069354	-1.651265
AT3G14020	0.000656	-1.474096	-1.654951	-1.409224	-2.807380	-3.975376
AT4G23680	-2.419121	-10.293970	0.000000	-12.284263	0.000000	0.000000
AT5G25010	-5.185883	-8.516086	-8.385733	-8.491527	-9.688462	0.000000
AT3G45600	-1.922873	-5.013038	-6.790384	-7.609469	-7.932819	-5.497107
AT2G29570	0.171467	-4.878313	-6.869949	-6.903713	-6.402390	-4.441608
AT3G05720	-4.271515	-4.724690	-5.456647	-5.633613	-7.726147	-6.723353
AT4G12010	-5.848094	-7.292551	-8.650431	-8.793300	-9.334212	-8.388617
AT4G22290	-1.903121	-1.844962	-2.200392	-2.083808	-3.310032	-2.899592
AT4G39040	-0.136047	-3.264911	-3.956650	-3.004922	-3.021207	-1.611254
AT2G03500	-8.427400	-7.139597	-7.549959	-6.851276	-9.459669	0.000000
AT5G14050,AT5G14060	-0.181129	-2.316084	-2.836646	-2.110868	-2.345929	-1.205071
AT1G78760	-4.838937	-4.214280	-5.382187	-7.277073	0.000000	-10.159712
AT1G77660	-4.422054	-7.303901	-10.361434	0.000000	-8.732201	-7.649269
AT5G23340	-4.042490	-5.256404	-4.914522	-3.761131	-2.755895	-0.792518
AT1G60710	0.029455	-0.657857	-1.085463	-0.831292	-2.275929	-1.911451
AT1G07080	-0.246265	-1.547260	-2.030019	-0.841118	0.672380	2.910206
AT3G15670	-3.136677	0.128086	3.873971	6.638422	8.445969	9.876862
AT4G28910	-0.744894	-2.032958	-1.767514	-0.729257	-0.321363	0.246395
AT5G65140	-5.885701	-7.527530	-7.438965	-5.589722	-2.110808	-0.519273
AT5G56140	-2.693674	-2.621202	-1.876892	-0.628249	-0.140067	1.501214
AT5G06110	-0.933556	-3.295148	-3.434424	-2.403435	-1.824877	-0.072000
AT5G45350,AT5G45360	-1.051803	-2.152902	-1.925770	-1.112481	-0.379592	1.444089
AT5G16030	-1.047849	-6.817140	-9.726379	-10.529604	-10.396727	-9.373853
AT5G15240	-2.725612	-3.395578	-3.459928	-2.879939	-2.999059	-2.487657
AT1G50240	-2.868356	-7.143045	-8.982706	-8.258516	-8.483286	-6.891108
AT1G54450	-6.071328	-6.786256	-6.648633	-6.825626	-8.586788	0.000000
AT1G18840	-1.397834	-1.264740	-1.294711	-0.554330	-1.223694	-1.489179
AT1G22920	-0.926719	-3.145741	-3.694182	-2.887623	-2.445715	-1.412973
AT1G58250	-4.312627	-4.594998	-4.526262	-3.788256	-4.183954	-3.118219
AT2G36170	1.918027	-0.704050	-1.190974	-0.582914	-1.968752	-0.647078
AT3G06770	-4.286851	-5.077432	-5.611472	-6.103351	-12.263203	0.000000
AT1G75330	0.578857	-2.090939	-2.387507	-1.641152	-1.481411	-0.247353
AT2G28600,AT2G28605	-1.072350	-3.345400	-3.647344	-3.026609	-3.844928	-2.168419
AT3G24030,AT3G24040	-1.591367	-2.609044	-3.343781	-3.400647	-4.812794	-3.039200
AT5G54000	0.000000	-12.197897	-10.979718	-8.793184	-2.983041	1.144871
AT3G46660	-6.669819	-7.946569	-8.196517	-6.730613	-4.245732	-0.246621
AT2G35450	-1.040618	-2.342456	-3.655126	-4.417427	-8.008059	0.000000
AT4G36610	-11.588631	-6.100159	-6.384299	-8.505606	0.000000	0.000000
AT4G21040	-11.064299	0.000000	0.000000	0.000000	0.000000	0.000000
AT4G37790	-6.910973	-5.474109	-5.242568	-5.474996	-6.492867	-4.768571
AT1G73530	-0.217334	-3.959053	-5.595326	-5.756279	-6.135887	-4.737339
AT3G59660	-1.386106	-1.584602	-1.919641	-1.442989	-2.539950	-1.981287
AT1G19130,AT1G19140	-0.280619	-0.934196	-1.204576	-0.537077	-0.259359	0.915747
AT1G50920	-0.694170	-3.003276	-2.863243	-1.879651	-1.739642	0.208662
AT2G39670	-0.780359	-4.826654	-5.219533	-4.585282	-3.580461	-1.198007
AT2G30860	-4.410979	-2.367048	-2.710760	-1.257009	0.010299	0.939421
AT1G27850	-3.711223	-4.400688	-4.507251	-3.997277	-4.243084	-3.264179
AT2G46420	-2.010839	-4.790193	-6.767454	-7.089805	-6.173624	-3.055717
AT4G20270	-3.705500	-4.199534	-4.518177	-4.726892	-7.388539	-7.255505
AT2G19360	0.000000	0.000000	0.000000	0.000000	0.000000	0.000000
AT3G50820	2.548278	-0.840881	-5.614538	-7.947147	-8.014981	-8.199574
AT2G34555	0.000000	0.000000	0.000000	0.000000	0.000000	-6.320103
AT1G02150,AT1G02160,AT1G02145,AT1G02170	1.217070	-0.677024	-0.902794	-0.240951	0.282509	1.929108
AT1G53140	-2.466408	-7.262903	-9.440192	-10.484826	-11.310248	-10.288455
AT3G57860	-3.023386	-7.337791	-8.993081	0.000000	0.000000	-9.366316
AT3G02220	0.105229	-2.370637	-2.406924	-1.442777	-0.700927	0.988216
AT4G10080	-2.448754	-3.912622	-4.145866	-3.197715	-2.188592	-0.182238
AT2G42750	-1.261100	-1.506512	-1.383647	-0.340014	0.681762	2.642288
AT4G28600	-4.274866	-4.830359	-4.609293	-3.874796	-3.457494	-1.776686
AT5G13690	-1.257130	-1.508875	-1.964609	-1.625033	-3.344458	-3.261093
AT4G33800	-3.136132	-2.954523	-3.278891	-3.156090	-3.322561	-1.740621
AT2G28480	-3.594713	-6.431965	-6.826402	-5.566632	-5.062611	-2.750045
AT2G01275	-12.266885	-10.335536	-8.317665	-4.402257	-0.935187	0.611983
AT5G14430	-1.033947	-1.652851	-1.990473	-1.676795	-2.769104	-1.978371
AT5G22460	-9.987150	0.000000	-11.782363	-7.449313	0.330847	2.289579
AT5G46680	-6.039157	-6.116265	-6.594306	-5.924598	-6.736207	-5.305952
AT4G31780	-2.083490	-4.616077	-5.034712	-4.324104	-4.095578	-2.515599
AT1G73500	-5.790669	-8.726836	-7.907171	-7.124586	-4.304213	-1.662559
AT3G27830	1.905806	-2.190951	-3.987199	-4.318960	-4.376668	-2.364272
AT1G76405	0.488891	-1.908109	-3.010414	-3.657847	-6.210568	-6.969408
AT1G08970	1.708546	0.826917	0.493790	0.739497	0.706217	1.720557
AT1G16630	-2.852565	-6.962815	-9.367325	-10.685625	-11.818067	-11.930187
AT5G05140	-4.639707	-4.427451	-3.998494	-2.558718	-2.032854	-0.398086
AT1G55200	-2.857945	-6.601940	-9.393105	-9.554840	-12.511131	-10.767588
AT2G45640	1.199892	-0.877847	-1.077187	-0.347184	0.201475	1.733030
AT3G61900	-4.500216	-4.094705	-2.499908	-1.903296	-1.491706	-1.689164
AT1G52720	-0.723673	-3.257317	-3.769043	-3.694947	-4.369242	-3.770774
AT2G37230	-3.079144	-5.651584	-5.784121	-5.222888	-5.174930	-3.766642
AT3G07800	-2.113923	-5.103266	-7.942119	-7.258174	-7.403102	-5.190338
AT3G11240	-4.189069	-4.976555	-5.333223	-4.741245	-5.166224	-4.137169
AT4G37210	-0.812596	-3.066023	-3.360698	-2.496861	-2.064345	-0.582377
AT4G13030	-3.938958	-2.597245	-1.771728	-0.686097	-0.837730	-0.098638
AT3G17110	0.000000	0.000000	0.000000	0.000000	-7.169367	-4.754905
AT1G69770	-1.709867	-6.685463	-8.641462	-9.758118	-11.637386	-9.746970
AT5G46860	-1.078745	-2.002296	-1.998022	-1.129626	-0.825482	0.052007
AT3G51270	-0.911580	-3.493797	-3.278306	-2.037238	-1.715165	0.406422
AT2G25910	-0.014556	-1.210984	-2.016201	-1.376473	-1.649558	-0.488357
AT3G15550	-2.114906	-6.195826	-8.238970	-9.778916	0.000000	-10.031757
AT5G33300	-2.349120	-6.625872	-9.235968	-10.262116	0.000000	-8.741239
AT3G24600	-3.259593	-8.016332	-12.342418	-11.200241	-10.959768	-8.777218
AT1G08500	-5.486715	-7.821481	-6.230074	-4.002809	-4.359674	-5.499352
AT2G43430	-2.703073	-3.022535	-2.979049	-2.448006	-3.002031	-2.032752
AT5G08400	-1.590210	-4.982429	-5.524236	-4.716418	-3.683492	-1.455984
AT1G17830	-4.005598	-1.658946	-1.618684	-0.847562	-2.338640	-3.208367
AT3G04630	0.430785	-2.767471	-4.610733	-4.044617	-5.857256	-4.433537
AT4G02580	1.601022	-0.116959	-0.586730	-0.128016	-0.692874	-0.079373
AT2G43535	-4.870376	-1.237072	1.314280	1.953909	0.665161	0.998255
AT1G78820	-5.349536	0.000000	0.000000	0.000000	0.000000	-11.453827
AT3G60780	-6.369596	-6.126749	-5.171619	-3.403552	-2.838851	-5.143987
AT5G40240	-3.768872	-4.101345	-4.322656	-3.660227	-3.509365	-2.458115
AT2G39750	-2.746053	-3.070356	-3.193540	-2.774937	-3.231664	-2.243423
