AT1G01010	-6.788935	-10.278421	-8.894369	-7.769278	-6.621861	-5.126102	
AT1G01220	-4.920156	-6.378227	-7.099577	-6.027477	-6.828902	-5.660723	
AT1G01540	-1.566665	-2.534743	-2.646603	-2.360004	-3.092986	-2.317030	
AT1G02065	0.000000	-12.588936	0.000000	0.000000	0.000000	0.000000	
AT1G02070	-12.338965	-11.053137	-9.025367	-8.005282	-7.911725	-9.743379	
AT1G02190	0.000000	0.000000	-11.080745	0.000000	0.000000	0.000000	
AT1G02630	-12.989478	0.000000	0.000000	0.000000	0.000000	0.000000	
AT1G02670	-5.316447	-7.154935	-8.014497	-8.615196	-11.123375	-5.534494	
AT1G02770	-7.102763	-7.086279	-6.850327	-5.817430	-5.148456	-3.786804	
AT1G02890	-1.378562	-1.957066	-1.944934	-0.886131	-0.724869	1.128569	
AT1G03510	-5.914353	-7.776538	-7.981755	-6.896853	-6.517942	-4.569264	
AT1G03730	-4.890549	-5.877998	-5.044809	-4.632907	-5.493467	-4.178343	
AT1G03770	-3.056221	-3.998274	-3.638426	-2.418675	-1.399827	1.016848	
AT1G04180	-7.435337	-8.851833	-11.095947	0.000000	0.000000	0.000000	
AT1G04570	-4.737633	-5.297248	-4.805481	-4.634362	-5.296252	-4.946382	
AT1G04600	-6.427300	-8.744036	-8.890744	-8.362778	-10.391139	-8.403789	
AT1G04620	-0.433651	-2.105144	-2.922611	-2.124085	-2.266574	-1.965974	
AT1G04680	-1.356225	-2.034616	-4.471464	-6.051173	-9.902343	0.000000	
AT1G04690	1.105157	-0.280224	-1.305392	-1.083536	-1.516130	-0.827854	
AT1G04800	-8.337788	-8.844169	-9.217442	-7.759155	-6.609894	-4.146983	
AT1G04840	-7.751467	-9.404009	-10.225283	-8.277894	-8.185728	-6.082750	
AT1G04950	-1.806551	-2.776657	-3.234829	-2.695937	-3.362016	-1.637726	
AT1G05410	-1.097528	-2.249608	-2.577749	-2.197646	-2.815609	-2.202894	
AT1G05750	-5.055527	-7.232718	-7.092567	-5.953620	-5.807125	-4.260539	
AT1G05830	-3.277666	-4.043853	-4.114464	-3.399149	-4.131762	-2.898520	
AT1G05870	-0.627066	-2.212085	-2.918057	-3.102809	-4.194591	-3.020250	
AT1G05910	-1.628681	-2.923764	-3.391416	-2.962467	-3.707632	-2.849174	
AT1G05950	-2.941638	-6.154569	-6.952656	-7.195565	-9.599135	-9.958642	
AT1G06080	1.186759	-2.059200	-4.690677	-5.452779	-9.572986	-10.342582	
AT1G06148	0.000000	0.000000	-9.744722	-7.222163	-7.009283	-5.314980	
AT1G06310	-4.040330	-7.759343	-8.644903	-8.922622	-10.301570	0.000000	
AT1G06410	-2.177345	-3.306936	-3.385350	-2.509516	-2.303759	-0.694982	
AT1G06770	-2.993493	-4.016761	-4.021531	-3.564485	-4.070318	-3.280915	
AT1G06780	-3.617128	-4.535543	-4.901996	-4.403138	-5.060492	-4.139426	
AT1G07160	-11.444817	0.000000	0.000000	0.000000	0.000000	-11.242820	
AT1G07440	-2.757955	-5.165796	-7.416925	-7.093624	-9.220747	-6.765348	
AT1G07590	-5.089402	-6.617882	-4.902772	-5.016050	-4.638661	-4.547211	
AT1G07630	-3.976015	-5.330549	-5.082632	-3.663686	-4.301203	-4.950442	
AT1G07745	-3.314883	-3.932358	-4.322074	-3.339166	-3.581863	-2.645930	
AT1G07890	2.942289	0.333601	-0.807247	-0.999559	-1.854137	-4.458015	
AT1G08180	-3.546617	-4.382268	-3.375524	-2.393541	-2.428212	-0.792676	
AT1G08320	-10.590244	-12.759664	-12.153157	0.000000	-11.548474	0.000000	
AT1G08510	-1.769659	-3.004649	-3.201705	-2.576548	-2.790481	-1.804376	
AT1G08680	-1.565260	-3.284500	-3.490616	-2.452951	-2.415104	-1.098424	
AT1G08990	0.000000	0.000000	-11.747488	0.000000	0.000000	0.000000	
AT1G09070	-0.567509	-2.505404	-2.192230	-1.251681	-1.690569	0.740671	
AT1G09410	-8.468132	-10.085135	-9.489463	-8.510618	-9.441240	-8.066011	
AT1G09420	-0.079963	-1.309136	-2.057636	-1.705148	-2.316232	-1.444581	
AT1G09490	-0.385845	-1.460313	-1.781889	-1.329137	-2.088511	-1.781190	
AT1G09580	-0.860899	-2.190199	-2.706240	-2.701252	-3.791719	-3.994629	
AT1G09700	-2.180129	-4.021497	-4.280203	-4.000167	-4.186688	-3.116317	
AT1G09810	-2.733355	-4.774189	-4.672556	-3.511560	-2.466929	-0.413501	
AT1G10170	-2.497666	-4.213399	-4.085343	-3.122943	-2.248844	-0.473847	
AT1G10250	-11.203864	0.000000	0.000000	0.000000	0.000000	0.000000	
AT1G10270	-4.329711	-6.846900	-6.370849	-5.398076	-4.419564	-3.205101	
AT1G10520	-2.428127	-3.809248	-4.558787	-4.514967	-5.648202	-3.784381	
AT1G10550	-10.972504	0.000000	0.000000	0.000000	0.000000	0.000000	
AT1G10650	-1.586524	-3.721078	-4.053560	-3.878438	-3.824911	-2.486938	
AT1G10680	0.000000	0.000000	0.000000	0.000000	0.000000	0.000000	
AT1G10682	-7.474823	0.000000	-11.606813	-11.155427	0.000000	0.000000	
AT1G11060	-3.591395	-4.791126	-4.830599	-4.050091	-4.216423	-2.908725	
AT1G11080	0.000000	0.000000	-13.621009	-11.079989	-12.169150	0.000000	
AT1G11170	-1.436344	-1.437609	-0.958700	0.118841	-0.268350	-0.165678	
AT1G11580	-6.285820	-5.976321	-5.552392	-5.741250	-8.882405	-11.378409	
AT1G12805	0.351330	-0.044789	-0.242427	-1.031673	-5.352244	-7.671214	
AT1G12900	3.379672	0.678802	-0.510087	-1.291099	-5.789624	-5.324516	
AT1G13570	-2.375778	-3.060185	-3.169259	-2.627309	-2.852031	-2.086440	
AT1G13755	-7.682730	-12.969661	0.000000	0.000000	0.000000	0.000000	
AT1G13760	-10.053466	-12.030537	0.000000	0.000000	0.000000	0.000000	
AT1G14345	-1.325669	-3.790021	-4.829617	-5.769790	-10.288987	0.000000	
AT1G14685	-0.568015	-1.865914	-2.212900	-1.716166	-2.052460	-1.546191	
AT1G14730	-7.828009	-7.373474	-7.653142	-7.632118	-7.624575	-11.317524	
AT1G14920	-2.969278	-4.130994	-4.190761	-3.852540	-3.601118	-2.181775	
AT1G15030	-2.672652	-3.355327	-2.530339	-1.003112	-0.904634	-0.767388	
AT1G15125	-7.576326	-10.955309	-10.363475	-8.492892	-7.324809	-5.704008	
AT1G15200	-0.253790	-1.338440	-1.354993	-0.705661	-0.477535	1.386891	
AT1G15210	-5.952822	-8.743331	-9.090712	-11.907743	-13.466656	0.000000	
AT1G15360	0.000000	0.000000	0.000000	0.000000	0.000000	0.000000	
AT1G15520	-7.926135	-10.131059	-10.277554	-9.726067	-9.821538	-7.553439	
AT1G16170	-3.925085	-4.633546	-4.663331	-4.094789	-4.516867	-4.072204	
AT1G16390	0.000000	0.000000	0.000000	0.000000	0.000000	0.000000	
AT1G16489	-5.906613	-6.208074	-6.745074	-6.863149	-8.541844	-5.324623	
AT1G16500	-3.446771	-4.527701	-4.068762	-3.665690	-6.068172	-9.155995	
AT1G16705	-7.354681	-11.517056	-9.989719	-9.976425	0.000000	0.000000	
AT1G16710	-4.259823	-4.869295	-4.738674	-3.895760	-3.965217	-2.498422	
AT1G17600	-14.124830	-12.692399	-14.439545	-12.742973	-14.588211	-9.050122	
AT1G17770	0.000000	0.000000	0.000000	0.000000	0.000000	0.000000	
AT1G18200	-1.428020	-2.763799	-2.978399	-2.123947	-1.355220	0.003177	
AT1G18710	-9.987250	-12.788236	-10.468397	-10.788567	-12.428992	0.000000	
AT1G18900	-3.098514	-5.255249	-4.842100	-3.993538	-3.671057	-2.564315	
AT1G19110	-1.794909	-3.581699	-3.610166	-2.817028	-2.742698	-1.134947	
AT1G19180	-1.588479	-2.225065	-1.696906	-0.646795	-0.538919	-0.401155	
AT1G19220	-4.686532	-6.700378	-6.958213	-6.272624	-6.529070	-6.202862	
AT1G19460	-10.875843	-10.871223	-13.139243	0.000000	0.000000	0.000000	
AT1G19500	-7.379136	-9.694769	-9.971960	0.000000	-10.441873	-5.318632	
AT1G19530	-9.497546	-9.284687	-11.494274	-6.241292	-2.470301	1.617440	
AT1G19600	-1.896522	-3.874551	-3.994820	-3.705128	-3.939495	-1.366828	
AT1G20065	-5.270570	-7.543036	-9.104669	-9.342602	-7.668589	-5.103397	
AT1G20480	-3.037380	-3.932750	-4.044812	-3.844916	-7.358356	-8.177603	
AT1G21050	-3.004307	-4.575642	-5.369292	-4.766616	-5.685774	-7.731722	
AT1G21140	-6.981857	-9.588211	-11.340661	0.000000	0.000000	0.000000	
AT1G21310	-3.317823	-3.575251	-5.492826	-6.334083	-9.284014	0.000000	
AT1G21900	-1.383817	-2.011903	-2.555013	-1.963375	-2.021146	-0.920850	
AT1G22110	-3.199094	-4.271737	-4.715765	-5.006441	-7.120510	-8.637281	
AT1G22190	-2.320889	-3.868433	-2.749548	-1.371028	-1.536809	-0.939814	
AT1G22403	-2.466733	-3.316789	-3.698654	-4.038108	-5.355040	-3.697735	
AT1G22530	-2.632329	-4.401096	-3.718050	-3.322587	-4.012728	-2.919790	
AT1G22620	-3.378342	-4.465790	-4.448456	-3.621227	-3.364729	-2.010498	
AT1G22690	0.000000	-13.530807	0.000000	0.000000	0.000000	0.000000	
AT1G22990	0.000000	-9.081792	-8.002377	-9.371425	0.000000	0.000000	
AT1G23110	-10.402454	-13.725682	-8.381899	-10.317296	0.000000	0.000000	
AT1G23380	-1.711244	-3.468295	-3.513228	-2.884125	-3.771394	-3.262632	
AT1G23540	0.000000	-13.277362	-15.019834	-12.814166	0.000000	0.000000	
AT1G23750	0.897952	-0.316265	-1.025505	-1.511210	-4.887802	-9.246909	
AT1G23870	-6.639949	-9.415664	-9.798647	-7.843856	-8.314172	-5.677196	
AT1G24530	-3.309910	-7.540704	-8.504216	-7.756176	-7.468917	-3.672957	
AT1G24600	-5.760684	-6.680070	-6.865695	-6.015981	-4.682830	-1.898649	
AT1G25240	-8.722019	-11.085831	-11.947446	-12.548165	0.000000	-9.916252	
AT1G25400	-9.291710	-12.196070	0.000000	-11.188584	0.000000	0.000000	
AT1G25410	-9.687191	-8.487556	-6.290046	-6.531916	-10.912341	0.000000	
AT1G25440	-3.347057	-6.196591	-9.403116	-12.167060	-11.780556	0.000000	
AT1G25540	-3.381203	-4.672798	-4.686711	-3.922306	-3.594940	-2.417758	
AT1G25560	-8.865272	-11.279295	-12.526005	-12.890852	0.000000	0.000000	
AT1G26260	-1.087365	-1.976634	-2.350575	-2.079789	-3.242035	-2.731319	
AT1G26660	-2.021501	-4.043170	-3.654537	-2.120834	-1.170536	0.963497	
AT1G26730	-10.590488	-10.025648	-8.275916	-7.250815	-7.136091	-7.014134	
AT1G27100	-3.478394	-6.239386	-6.011566	-5.515576	-9.153044	-6.837565	
AT1G27140	0.000000	-9.966229	-7.866911	-8.437138	0.000000	-9.246839	
AT1G27620	-9.463989	-12.225524	-10.546945	-10.213305	-12.592421	0.000000	
AT1G28135	-11.762318	-10.384682	-12.621103	0.000000	0.000000	0.000000	
AT1G28200	-1.745995	-2.924409	-2.827488	-2.039152	-1.424789	-0.070333	
AT1G29418	-2.146590	-3.852245	-3.352197	-2.541428	-3.234416	-2.542347	
AT1G30100	-11.201117	-12.351651	-10.843867	-9.083255	-7.523409	-4.809774	
AT1G30270	-1.989794	-2.814452	-2.875546	-2.491305	-3.253253	-2.495165	
AT1G30480	-2.552302	-4.380997	-4.775760	-3.846508	-3.574582	-1.977412	
AT1G30825	-2.379231	-4.000104	-4.656880	-4.003310	-4.302663	-3.671781	
AT1G30840	-1.968545	-2.595016	-3.073471	-3.735238	-7.361823	0.000000	
AT1G31330	3.906365	1.063913	-1.135022	-2.421282	-5.731289	-7.424652	
AT1G31355	-3.982282	-4.839711	-4.647428	-4.207756	-4.935350	-4.657116	
AT1G31510	-10.424553	-10.181041	-10.973048	-9.296707	-9.272550	-9.651300	
AT1G31580	-12.280485	0.000000	0.000000	0.000000	0.000000	0.000000	
AT1G31710	-11.610583	0.000000	0.000000	0.000000	0.000000	-11.613439	
AT1G32060	2.319509	0.845359	-0.573378	-1.717964	-5.584147	-7.806305	
AT1G32240	-1.988958	-3.851220	-3.851631	-3.285705	-3.621064	-2.569299	
AT1G32780	-4.274786	-8.689919	-10.877272	-11.627468	-12.287316	0.000000	
AT1G32860	-1.816466	-2.912694	-3.681637	-3.074117	-5.258699	-6.657974	
AT1G33060	-3.043386	-3.671175	-3.780172	-2.983982	-2.555227	-1.393533	
AT1G33600	-8.950909	-13.878176	0.000000	0.000000	0.000000	0.000000	
AT1G33610	-9.033002	-13.042984	-10.574949	-10.834928	0.000000	0.000000	
AT1G34630	-0.924456	-2.619909	-2.988765	-2.227863	-2.643369	-2.695189	
AT1G35140	-6.661306	-6.041466	-5.263939	-4.528088	-7.820972	-7.523579	
AT1G35560	-3.748566	-5.162810	-6.423936	-7.621920	-9.724250	-8.021710	
AT1G35670	-2.145482	-3.725843	-4.297893	-4.148261	-5.067085	-3.529019	
AT1G35750	0.000000	-11.718050	0.000000	0.000000	0.000000	0.000000	
AT1G43980	-7.230932	-10.112139	-10.063172	-8.745095	-7.487818	-6.226698	
AT1G44890	-3.494334	-5.793959	-5.577432	-4.660825	-4.052942	-2.979491	
AT1G47520	-7.919341	-12.056501	0.000000	-9.668067	-7.680719	-5.011956	
AT1G47540	-2.979464	-2.236005	-2.237955	-1.674864	-2.088562	-2.055553	
AT1G47570	-1.874885	-3.180754	-3.309481	-2.215443	-2.070188	-0.731584	
AT1G48880	-4.411527	-4.985918	-4.954879	-4.614428	-5.238684	-4.823049	
AT1G49000	-7.607119	-7.127553	-6.400301	-6.493024	-6.415666	-5.411185	
AT1G49475	0.384307	-0.632156	-0.650385	-0.147100	-0.200834	0.151280	
AT1G49650	-3.482637	-7.057297	-7.460700	-5.729418	-3.955053	-1.395816	
AT1G49780	-4.879111	-6.335707	-6.693671	-5.778780	-4.969433	-3.537720	
AT1G51190	-5.373873	-6.942294	-6.824540	-6.088796	-6.833418	-6.908629	
AT1G51460	-7.855862	-10.833032	-11.362088	-11.333879	-10.811253	-10.304165	
AT1G51480	-12.345840	0.000000	0.000000	0.000000	0.000000	0.000000	
AT1G51530	-5.627464	-6.096718	-6.458486	-5.706346	-6.867165	-7.951418	
AT1G51560	-1.994973	-3.968663	-4.167132	-3.419392	-3.262815	-1.831623	
AT1G51710	0.237587	-1.350937	-1.730437	-0.818233	-0.307358	1.541030	
AT1G53080	-12.157225	0.000000	0.000000	0.000000	0.000000	0.000000	
AT1G53230	-3.076223	-3.870939	-4.152133	-4.189587	-4.778361	-4.640770	
AT1G53233	-2.600296	-3.534338	-4.035606	-3.849143	-4.785549	-4.523754	
AT1G53390	-4.605442	-6.012528	-6.352409	-6.313734	-7.880963	-7.309658	
AT1G54160	-1.460392	-3.170928	-3.770687	-3.734136	-4.352326	-5.072902	
AT1G54210	-2.604940	-2.872321	-2.184368	-1.332153	-0.558733	1.003935	
AT1G54320	-1.231840	-2.288601	-2.495325	-1.842897	-1.611901	-0.707151	
AT1G55250	-2.615551	-3.560890	-3.499121	-2.884870	-2.690513	-0.970522	
AT1G55310	0.023614	-1.382736	-1.560384	-0.622423	-0.007211	1.645079	
AT1G55350	-1.920279	-3.070698	-3.311109	-2.863210	-3.841517	-3.955338	
AT1G55480	0.556734	-1.485186	-2.541523	-2.213223	-3.432254	-3.943758	
AT1G55650	-10.738053	0.000000	0.000000	0.000000	0.000000	0.000000	
AT1G55740	-2.107641	-3.440003	-4.066703	-4.337652	-6.058052	-6.479928	
AT1G55750	-2.205195	-3.441338	-3.964834	-3.024114	-3.176990	-1.861051	
AT1G55810	-1.575187	-2.490809	-3.549147	-3.438737	-7.199715	-8.875208	
AT1G55830	-3.059657	-4.108143	-4.307028	-3.493902	-3.354606	-1.918636	
AT1G55920	-6.736287	-8.391499	-8.221514	-7.099936	-6.331148	-4.208809	
AT1G56040	0.000000	0.000000	0.000000	0.000000	0.000000	0.000000	
AT1G56145	-5.933137	-5.805847	-5.160154	-4.217909	-4.090312	-3.713766	
AT1G56150	0.000000	0.000000	0.000000	0.000000	-10.021641	-9.621289	
AT1G56180	-2.234574	-3.924449	-4.036262	-3.350856	-3.426460	-2.221420	
AT1G56220	1.906147	1.375682	0.838409	1.442759	0.766577	2.118146	
AT1G56500	-2.096409	-3.829077	-4.589528	-4.585957	-5.179146	-3.678806	
AT1G58200	-2.003213	-2.839682	-2.719760	-2.032677	-2.571642	-1.620049	
AT1G61110	0.000000	0.000000	0.000000	0.000000	-11.680433	-9.884323	
AT1G61240	-1.346889	-2.233012	-2.666968	-2.265011	-1.860214	-0.591981	
AT1G61270	0.000000	0.000000	0.000000	0.000000	0.000000	0.000000	
AT1G61665	0.000000	0.000000	-11.286885	-10.322207	-9.057690	-6.043365	
AT1G61740	-4.589747	-5.423415	-5.732498	-5.669741	-5.424523	-3.233468	
AT1G62990	-7.693394	-9.285877	-8.116125	-9.516687	0.000000	0.000000	
AT1G63170	-1.338278	-2.532607	-2.763843	-2.191625	-2.746756	-2.636425	
AT1G63440	-5.864592	-7.847982	-7.414543	-5.958319	-5.105566	-3.078290	
AT1G64710	-2.456567	-4.021188	-4.226474	-2.920308	-2.122539	-1.019967	
AT1G67090	6.307772	4.221723	2.706678	2.033445	-1.752120	-2.655792	
AT1G67740	2.073689	-0.542369	-1.742131	-2.248549	-6.340961	-8.199847	
AT1G67810	-0.285824	-2.676514	-3.070793	-2.608210	-2.005026	-0.428151	
AT1G68510	-1.001586	-1.447112	-2.040684	-2.923174	-6.794458	0.000000	
AT1G69160	-4.995284	-6.179368	-7.366898	-6.778991	-7.743538	-9.183875	
AT1G69890	-10.469007	-11.464001	-9.529804	-7.605763	-4.562460	-0.763371	
AT1G70270	0.000000	0.000000	0.000000	0.000000	0.000000	0.000000	
AT1G70510	-4.354435	-6.616421	-9.118511	-9.351154	-7.989397	-5.593510	
AT1G70550	-3.500295	-4.501881	-4.772586	-4.130691	-5.096654	-6.618066	
AT1G72190	-2.625866	-3.560356	-3.823577	-3.399038	-3.669268	-2.538787	
AT1G72620	-8.598822	-7.827222	-8.486476	-9.142800	0.000000	0.000000	
AT1G73020	-2.102861	-3.180709	-3.641518	-3.371466	-3.937639	-1.133239	
AT1G73120	-5.962509	-7.122117	-7.555669	-7.970729	-9.368568	-6.943958	
AT1G74430	-7.143552	-10.367002	-11.408004	-12.728075	0.000000	0.000000	
AT1G74950	-0.971203	-1.841124	-1.989754	-1.264921	-1.436125	-0.860949	
AT1G75510	-1.533428	-3.066196	-3.013946	-2.197593	-1.881306	-0.682828	
AT1G75580	-2.118574	-3.352359	-3.913809	-3.833659	-3.127500	-3.574620	
AT1G75830	0.000000	0.000000	0.000000	0.000000	-4.076282	1.116654	
AT1G77600	-3.498266	-5.360312	-5.762080	-5.212973	-4.829808	-3.065194	
AT1G77655	-11.979629	0.000000	0.000000	0.000000	0.000000	0.000000	
AT1G78290	-11.138529	-11.039386	-10.215947	-11.697071	0.000000	-12.657059	
AT1G78490	-11.837049	0.000000	0.000000	0.000000	0.000000	0.000000	
AT1G79400	-14.037180	0.000000	0.000000	0.000000	0.000000	0.000000	
AT1G79420	-4.396822	-6.807838	-6.810328	-6.870171	-8.255759	-7.571076	
AT1G79700	-9.646825	-8.181781	-6.928533	-5.696149	-7.266756	-6.791920	
AT1G80133	-6.336517	-11.463718	0.000000	-10.552941	0.000000	0.000000	
AT1G80350	-2.695058	-4.115837	-4.530110	-3.794927	-4.000627	-3.191110	
AT1G80580	-9.227336	-9.901049	-9.200451	-9.808608	0.000000	0.000000	
AT2G01580	-7.562421	-9.053430	-9.096104	0.000000	0.000000	0.000000	
AT2G05300	-2.049249	-2.865849	-3.046593	-2.924511	-5.177307	-6.071847	
AT2G13820	-1.344275	-3.582049	-6.032364	-6.465290	-10.706198	0.000000	
AT2G16700	-3.436469	-3.935009	-4.303632	-4.388205	-6.487935	-7.891922	
AT2G16730	-8.079703	-10.736628	-12.078043	-11.909159	-13.734077	0.000000	
AT2G17030	-4.093925	-5.174902	-5.295873	-4.657611	-4.082159	-2.503741	
AT2G17360	2.317851	0.203949	-0.037506	0.833520	0.380619	1.700953	
AT2G17790	-1.343798	-2.356795	-2.719496	-2.064021	-2.116538	-1.112466	
AT2G17880	-3.933537	-5.267287	-5.577419	-5.436950	-5.960953	-6.768531	
AT2G17930	-4.300642	-4.906930	-4.800231	-3.962070	-3.789238	-2.223752	
AT2G18450	-8.437510	-12.903344	0.000000	-13.456258	0.000000	0.000000	
AT2G18510	-0.991570	-2.986734	-2.949723	-2.059640	-1.403723	0.347055	
AT2G18840	-3.068303	-3.786007	-3.808492	-2.470480	-2.024194	-0.748790	
AT2G18970	0.000000	-12.761406	0.000000	0.000000	0.000000	0.000000	
AT2G19450	0.087331	-1.008529	-1.377299	-0.575349	-0.247881	1.602015	
AT2G19760	0.659076	-1.086710	-1.702493	-1.195944	-1.443287	-1.195645	
AT2G19790	-0.364114	-1.346354	-1.561501	-1.148481	-1.285953	-0.577166	
AT2G19800	-7.180373	-12.262792	0.000000	-10.985495	0.000000	-8.633399	
AT2G19950	-1.726373	-2.562066	-2.846568	-2.363090	-2.921075	-2.410029	
AT2G20140	-0.710714	-2.555763	-3.252796	-2.733230	-3.243540	-1.867170	
AT2G20580	-0.230403	-1.951064	-2.407727	-1.798205	-1.546406	-0.075855	
AT2G21050	-0.914133	-2.769580	-3.455671	-4.023075	-6.250523	-8.536877	
AT2G21930	-10.160704	-9.929019	-8.656551	-7.837340	-6.482128	-4.606676	
AT2G22180	-8.917840	-10.766535	-12.956388	0.000000	0.000000	0.000000	
AT2G22250	-1.201069	-2.627362	-3.083649	-2.978968	-3.943507	-3.457951	
AT2G22900	-2.307642	-3.345547	-3.813427	-4.031839	-6.242327	-7.201086	
AT2G24800	-1.897010	-2.546169	-2.600433	-2.222914	-4.665219	-7.871257	
AT2G26511	-3.378362	-4.075051	-5.156268	-5.719111	-8.751908	0.000000	
AT2G26870	-5.904086	-6.693924	-7.281465	-7.197055	-9.807654	-6.679249	
AT2G27690	-2.146354	-4.467855	-3.945733	-3.668863	-2.972433	-3.952257	
AT2G28380	-0.238004	-2.073376	-2.370632	-1.905737	-2.871187	-2.557306	
AT2G28610	-5.402463	-7.492184	-6.996816	-5.578465	-7.244935	-9.325108	
AT2G28920	-10.071148	0.000000	0.000000	0.000000	0.000000	0.000000	
AT2G30470	-1.243041	-2.381509	-2.810127	-2.485224	-3.103437	-2.395510	
AT2G30480	-3.626884	-5.171261	-5.556588	-4.680332	-4.581758	-2.885093	
AT2G32960	-6.717442	-7.619192	-7.606775	-7.954904	-9.385724	-9.730339	
AT2G33330	-1.304903	-4.088006	-5.802289	-5.947642	-10.015151	-10.543865	
AT2G34185	-3.482862	-4.144749	-4.108108	-3.196689	-4.919776	-5.208091	
AT2G34650	-1.986938	-3.069756	-3.070798	-2.580372	-4.162700	-5.672515	
AT2G34870	3.462234	2.292345	-0.054083	-1.449892	-4.670964	-5.204586	
AT2G35920	-3.047553	-4.284679	-4.543291	-4.133136	-4.671160	-2.572755	
AT2G35950	-9.646081	0.000000	0.000000	0.000000	0.000000	0.000000	
AT2G36080	-4.994415	-6.278652	-7.188774	-5.825121	-5.053994	-2.934595	
AT2G36960	-3.350441	-4.140835	-4.300870	-3.258771	-3.091345	-1.628796	
AT2G36980	-4.526466	-5.462568	-5.791773	-4.984377	-5.347561	-3.852072	
AT2G37040	-0.735462	-1.501335	-1.850953	-3.292062	-7.646671	-9.664679	
AT2G37620	-0.841470	-3.456773	-3.950416	-3.634717	-4.479383	-4.047576	
AT2G38310	-3.336733	-7.052355	-8.073991	-8.342414	-10.995910	-8.672364	
AT2G38870	-1.834329	-3.237402	-2.425060	-0.789955	0.585757	2.446056	
AT2G38980	-1.551673	-2.471260	-2.638090	-2.010688	-2.862863	-1.943138	
AT2G39175	-5.841601	-6.082582	-5.968476	-6.013452	-6.681040	-7.174636	
AT2G39760	-0.545012	-2.155529	-2.723738	-2.238586	-2.408376	-0.872456	
AT2G39880	-4.205587	-7.972423	-9.184902	-9.932220	-11.428835	0.000000	
AT2G39890	-1.856412	-3.528036	-3.913840	-4.198257	-7.353835	-7.887801	
AT2G40095	-5.728963	-8.677469	-9.128187	-10.494628	0.000000	-5.900838	
AT2G40100	2.091452	0.544915	-1.255791	-1.308078	-2.110698	-2.346138	
AT2G40220	-2.841421	-4.549320	-4.059269	-3.210552	-4.513898	-5.400201	
AT2G40220	-2.841421	-4.549320	-4.059269	-3.210552	-4.513898	-5.400201	
AT2G40370	0.000000	-8.244708	-7.517063	-9.590149	0.000000	0.000000	
AT2G41990	-1.037681	-1.273713	-1.408136	-1.843839	-3.830411	-2.648991	
AT2G42620	-4.546339	-6.050264	-6.122567	-4.905494	-4.333428	-2.998231	
AT2G42885	-4.355448	-4.676308	-5.429022	-5.981204	-8.240175	-8.141565	
AT2G44280	-3.195558	-4.202701	-4.093734	-3.600822	-3.580641	-2.771050	
AT2G44798	-6.893004	-7.010260	-6.283201	-5.044823	-4.708652	-3.674305	
AT2G44800	-8.209164	-7.333834	-6.229682	-5.993039	-5.856948	-5.059906	
AT2G45120	-7.556327	-5.557041	-5.630173	-5.879596	-8.453314	-8.915157	
AT2G45760	-11.285803	-12.915803	-11.441971	-13.731830	0.000000	0.000000	
AT2G45850	-7.518819	-8.487737	-8.448737	-8.067819	-11.404494	-9.737861	
AT2G45870	0.208028	-1.113530	-1.903325	-1.788008	-2.294616	-1.926366	
AT2G46320	-2.652567	-4.121361	-4.007605	-3.114915	-3.367145	-2.449459	
AT2G46410	-4.489564	-4.839588	-4.956610	-4.662542	-5.695052	-6.459917	
AT2G46662	0.000000	0.000000	0.000000	0.000000	-8.868457	-6.870693	
AT2G46685	-4.230224	-4.458776	-4.564987	-4.227619	-7.082582	-8.775282	
AT2G48140	-8.330544	-7.033089	-4.742834	-8.826683	0.000000	0.000000	
AT3G01050	-1.137482	-1.883896	-1.916301	-1.231210	-1.519821	-1.070473	
AT3G02180	1.131969	-1.196293	-2.825111	-3.876852	-6.584401	-7.021642	
AT3G02380	-2.102784	-3.639452	-5.052000	-4.971110	-5.329429	-4.855872	
AT3G03350	-3.394231	-4.021425	-4.823933	-4.929008	-7.011766	-7.774862	
AT3G04380	-1.887905	-2.808589	-3.147445	-3.103357	-5.490252	-8.627366	
AT3G05327	0.000000	0.000000	0.000000	-10.181476	0.000000	0.000000	
AT3G05830	-0.294656	-1.846130	-2.095988	-1.794716	-2.581750	-3.458290	
AT3G06290	-3.858161	-4.636783	-4.529392	-3.543757	-3.406085	-1.732634	
AT3G06550	-2.224081	-2.804310	-2.327164	-1.361917	-1.417679	-0.512857	
AT3G07010	-1.956315	-2.557239	-3.935477	-4.410713	-5.441361	-4.404446	
AT3G07130	-1.249449	-3.573665	-5.108371	-5.559372	-10.586548	-9.441977	
AT3G07350	-7.922928	-12.615867	0.000000	0.000000	-12.671683	-7.582280	
AT3G07880	-0.170053	-1.779630	-2.501354	-2.067085	-2.407925	-1.570108	
AT3G09730	-2.417990	-3.923054	-5.010478	-5.617700	-9.389631	-10.219215	
AT3G12550	-0.692148	-1.671253	-2.155000	-2.292999	-3.962905	-4.927074	
AT3G12610	-2.345280	-3.957754	-4.721753	-5.027828	-7.593036	-7.452463	
AT3G12810	-3.724544	-4.387067	-4.253658	-3.489360	-3.748162	-2.617245	
AT3G12840	0.000000	0.000000	0.000000	0.000000	0.000000	0.000000	
AT3G12965	1.912388	-0.361128	-0.422764	0.203489	-0.740523	0.854636	
AT3G14040	-5.550741	-8.054361	-10.363772	-10.179826	-11.097776	0.000000	
AT3G14440	-8.263584	-11.871435	-10.178235	-9.255923	-8.220713	-5.747151	
AT3G15170	-5.820067	-7.225825	-6.993935	-6.483942	-9.002592	-8.432711	
AT3G15630	-4.077647	-5.511154	-5.846272	-4.610296	-4.242699	-3.485690	
AT3G16610	-7.635505	-9.560668	-8.845673	-8.182806	-7.295095	-5.988698	
AT3G17450	-3.033137	-4.413950	-4.672664	-3.813877	-3.951235	-2.612282	
AT3G17770	-0.988797	-2.741664	-3.189251	-2.352929	-2.489276	-0.944377	
AT3G17850	-2.137422	-3.203151	-3.659099	-3.117940	-3.731385	-2.403527	
AT3G17880	-1.419619	-2.611228	-3.090290	-2.404081	-2.050645	-0.193720	
AT3G18400	0.000000	-10.854068	-7.316398	-10.878809	0.000000	0.000000	
AT3G18490	-0.468316	-0.900289	-0.526963	-0.253755	-0.727417	-0.188466	
AT3G18550	0.000000	0.000000	0.000000	0.000000	0.000000	0.000000	
AT3G18980	-1.141283	-1.915338	-2.370147	-2.406811	-2.698888	-0.902672	
AT3G19515	-2.986802	-5.263434	-5.735546	-5.677933	-6.266193	-4.590104	
AT3G19800	-0.681731	-1.422844	-2.458821	-2.553258	-3.886442	-6.244092	
AT3G20630	-0.887385	-2.250985	-2.606399	-2.158267	-2.566386	-0.911063	
AT3G20820	-0.923204	-1.815892	-2.273219	-2.179312	-3.701282	-3.748932	
AT3G20910	-0.476708	-1.413354	-1.510459	-0.647196	-0.667713	0.345304	
AT3G20940	-8.364650	-10.058816	-13.289482	0.000000	-12.656911	0.000000	
AT3G21055	3.016900	0.883153	-0.506723	-1.415946	-5.792459	-8.839660	
AT3G21260	-8.088491	0.000000	0.000000	0.000000	0.000000	0.000000	
AT3G21740	-2.694286	-4.149196	-4.585327	-4.011017	-3.725318	-2.418261	
AT3G21755	-6.912281	-8.431681	-8.493813	-6.952979	-10.439264	0.000000	
AT3G22270	-2.482161	-3.474916	-3.514447	-2.873721	-3.014651	-1.816716	
AT3G22410	-6.190634	-7.912043	-9.390396	-9.377679	-10.634218	-7.653920	
AT3G23880	-12.623430	0.000000	0.000000	0.000000	0.000000	0.000000	
AT3G24650	-0.049081	-0.849862	-0.647709	0.296226	0.331412	0.789376	
AT3G24650	-0.049081	-0.849862	-0.647709	0.296226	0.331412	0.789376	
AT3G25600	-6.676514	-7.694218	-7.052051	-6.560553	-7.988609	-5.446255	
AT3G25690	-5.938664	-8.208726	-10.417460	-9.971079	-12.325060	-10.408579	
AT3G25730	-12.797476	-10.536445	0.000000	-12.266259	0.000000	-10.521229	
AT3G26120	-5.873675	-6.336414	-5.896110	-5.548809	-8.335902	-10.566862	
AT3G26400	-1.760660	-3.403340	-3.316411	-2.459620	-2.288712	-0.764855	
AT3G27400	-8.891664	-10.187745	-12.604796	-12.809435	0.000000	0.000000	
AT3G28930	-3.112663	-4.223648	-4.898309	-4.447340	-5.495643	-5.332249	
AT3G43230	-3.416918	-4.104094	-3.627391	-2.515203	-1.653364	-0.166357	
AT3G44410	-8.611958	-7.713153	-8.567058	-8.808608	-7.453363	-7.595616	
AT3G45860	0.000000	-15.471860	-11.658702	-11.376629	0.000000	0.000000	
AT3G46613	0.000000	0.000000	0.000000	0.000000	0.000000	0.000000	
AT3G47800	-3.854947	-5.927554	-6.248435	-5.938897	-7.021076	-4.528256	
AT3G48060	-3.556305	-4.434637	-4.380458	-3.644867	-3.900977	-2.680065	
AT3G48670	0.491641	-0.787022	-1.062981	-0.191920	0.560358	1.540559	
AT3G49750	-4.701201	-7.476708	-8.273796	-9.014794	-9.960079	-8.759633	
AT3G49770	-12.242647	-12.065351	0.000000	0.000000	0.000000	0.000000	
AT3G50770	-13.107287	-9.253974	-11.796692	0.000000	0.000000	0.000000	
AT3G51130	-0.695531	-1.859645	-2.205196	-1.574532	-1.352037	0.117741	
AT3G51140	-5.618154	-8.479335	-9.252668	-8.294978	-8.078916	-6.435907	
AT3G52072	-4.673511	-5.632097	-6.902481	-6.727074	-7.682898	-6.552909	
AT3G53232	-6.181320	-9.002859	-10.651326	-10.724508	-11.121219	0.000000	
AT3G54000	-1.463766	-3.977156	-3.752508	-3.130231	-2.523669	-1.833795	
AT3G54020	-3.207292	-4.913114	-5.155548	-4.609030	-3.720542	-1.950897	
AT3G54366	-2.293738	-3.723904	-3.622768	-2.974028	-2.110359	0.216655	
AT3G54420	-7.145030	-7.477698	-6.890395	-5.836310	-7.579675	-10.279689	
AT3G55970	0.000000	0.000000	0.000000	0.000000	-11.323747	-8.998952	
AT3G56360	-3.137080	-5.921995	-5.024386	-4.863451	-7.508269	-6.434670	
AT3G56880	-0.713890	-1.714627	-1.335238	-0.239069	0.839173	2.326312	
AT3G57120	-4.993068	-5.710809	-5.398470	-4.385332	-3.796010	-2.568786	
AT3G58850	-0.529449	-3.477878	-4.252105	-5.421110	-8.651765	0.000000	
AT3G58930	-1.620802	-3.531963	-3.901337	-3.464127	-4.518586	-3.539119	
AT3G61060	-5.697072	-7.148326	-7.058748	-5.727899	-4.869944	-2.575591	
AT3G61420	-3.626236	-4.911679	-5.227745	-3.873507	-2.908147	-0.696594	
AT3G61620	-0.993526	-2.969355	-3.235701	-2.246728	-2.166013	-1.057921	
AT3G63020	-10.308125	0.000000	-12.079605	-9.889728	0.000000	0.000000	
AT3G63210	-4.380293	-5.773772	-6.680641	-7.292191	-10.350424	-11.591755	
AT3G63370	-7.092026	-9.581185	-9.296968	-8.427773	-8.451540	-5.362764	
AT4G00238	-0.382077	-1.790951	-2.086345	-1.501309	-2.105794	-1.300140	
AT4G00280	-12.762318	-10.214759	0.000000	-10.071468	-8.844526	-9.486009	
AT4G00360	-4.165243	-4.712812	-3.839208	-2.584150	-3.616477	-6.120025	
AT4G01330	-2.766740	-3.440074	-3.276858	-2.327911	-2.921791	-3.311905	
AT4G02430	-3.433708	-3.553202	-3.386425	-2.810990	-3.231013	-1.623941	
AT4G02480	-0.493456	-1.234851	-1.522015	-0.668890	-0.371264	1.214973	
AT4G02940	-3.627125	-4.482299	-3.949791	-3.260304	-3.347105	-2.586466	
AT4G03140	-3.814893	-4.997277	-4.704528	-3.543330	-4.077355	-4.359631	
AT4G04610	-1.010993	-2.369100	-2.819895	-1.304217	-2.223745	-2.111652	
AT4G04830	-0.382760	-2.312610	-2.201092	0.452591	0.648856	2.113341	
AT4G08868	-8.840768	-11.195864	-11.065896	0.000000	-10.689941	0.000000	
AT4G10845	-7.753734	-9.042368	-7.516284	-6.179624	-4.904775	-2.771022	
AT4G11040	-3.087261	-3.368061	-2.573179	-0.293043	0.820607	1.542240	
AT4G15215	-5.979487	-6.515513	-6.241794	-5.307788	-6.881949	-5.899811	
AT4G15390	-0.760029	-2.795979	-5.120050	-6.341163	-4.905736	-0.957548	
AT4G16563	-5.035101	-6.405626	-6.333618	-6.208363	-7.160053	-6.051374	
AT4G16780	-2.431882	-3.305015	-3.554976	-3.107538	-3.475219	-3.483170	
AT4G16820	-10.909844	-13.261990	0.000000	-13.077996	0.000000	0.000000	
AT4G18170	-13.116032	-8.914324	-9.129568	-8.876197	-10.546899	-10.009605	
AT4G18210	-11.264598	-11.733483	-9.645807	-7.371582	-4.835776	-1.131625	
AT4G18570	-0.643580	-2.103636	-2.299544	-1.741957	-2.182892	-2.106987	
AT4G18820	-1.968988	-3.222459	-3.188395	-2.540229	-3.076256	-2.693420	
AT4G20400	-1.639390	-3.312275	-3.586670	-3.080032	-2.848755	-1.446262	
AT4G21370	0.000000	-10.588839	-11.030181	-11.651906	-12.226614	0.000000	
AT4G21510	-5.907514	-7.268093	-7.884593	-7.339559	-10.646796	-6.474724	
AT4G21690	-6.400695	-10.305139	-9.836640	-10.601964	0.000000	0.000000	
AT4G21910	-2.036321	-3.388701	-3.396606	-3.498305	-5.116759	-7.394129	
AT4G22235	0.599089	-0.869202	-1.663641	-2.173952	-6.372390	-8.399152	
AT4G22770	-1.441490	-2.667971	-2.729981	-2.241909	-2.731960	-1.617324	
AT4G23060	-3.404193	-4.046523	-3.703376	-3.144821	-3.964317	-3.370539	
AT4G23190	-6.692133	-9.904943	-11.984771	0.000000	0.000000	-11.308506	
AT4G24180	-12.172376	0.000000	-11.600304	-12.995294	0.000000	0.000000	
AT4G24410	-13.001742	-9.982112	-9.820590	-11.470452	0.000000	0.000000	
AT4G25650	-0.761477	-1.871776	-2.288951	-1.560313	-2.358502	-1.814799	
AT4G25810	-6.342206	-5.593927	-4.710029	-4.165244	-7.899990	0.000000	
AT4G26950	0.000000	0.000000	0.000000	0.000000	-10.324038	-6.414515	
AT4G27280	-2.106014	-3.801664	-2.461209	-1.202450	-3.413535	-3.968343	
AT4G28030	-0.977540	-2.823205	-4.094976	-4.415518	-6.004090	-6.020959	
AT4G28190	0.526756	-0.932186	-1.871415	-3.147166	-8.580644	-8.255532	
AT4G28250	-0.527292	-3.305896	-5.855628	-7.624183	-10.819815	0.000000	
AT4G28530	0.000000	0.000000	-10.574032	-8.963793	-10.219949	-11.665906	
AT4G29000	-3.876377	-5.583931	-5.322014	-4.334958	-4.224341	-2.352102	
AT4G31060	-5.778161	-6.617927	-7.906463	-7.046366	-7.582557	-5.828535	
AT4G31520	-6.847394	-8.064104	-10.776729	-10.618172	0.000000	-9.765260	
AT4G31560	-1.768273	-3.381932	-3.501680	-3.146809	-2.702113	-1.217926	
AT4G31770	-2.287367	-3.946698	-4.355132	-3.783739	-4.484482	-3.815308	
AT4G32480	-9.156638	-11.253507	-11.426605	-10.342158	-10.836051	-5.649039	
AT4G32540	-5.504196	-9.638469	-9.621435	-10.268984	0.000000	0.000000	
AT4G32620	-2.773013	-3.851989	-3.798339	-3.170554	-3.042374	-2.092793	
AT4G33420	-8.631691	-9.818429	-9.692592	-10.453413	0.000000	0.000000	
AT4G33440	-3.702695	-4.623871	-4.956380	-4.544254	-4.767416	-3.600771	
AT4G33666	-4.768223	-7.396319	-9.075134	-7.261865	-4.678825	-1.896137	
AT4G34250	-5.957678	-6.943982	-7.942485	-7.296748	-8.226291	-8.987138	
AT4G34900	-7.410043	-11.132693	-13.415999	-12.467394	-11.948481	-10.400938	
AT4G35060	-8.669005	-12.712479	0.000000	0.000000	0.000000	0.000000	
AT4G35070	-3.542353	-4.178259	-3.718423	-3.200659	-2.521550	-1.176966	
AT4G35850	0.351467	-1.849472	-2.610452	-2.235233	-3.067375	-1.959670	
AT4G36910	1.349546	0.007823	-0.465792	0.517557	1.209431	2.801649	
AT4G37000	-0.141716	-1.368501	-1.724539	-1.593656	-1.809488	-1.454018	
AT4G37380	-6.108459	-8.464746	-8.436361	-6.600451	-5.880823	-4.097896	
AT4G38420	-9.403030	-13.216834	0.000000	0.000000	0.000000	0.000000	
AT4G38500	-1.635994	-2.948215	-3.226083	-2.636787	-2.895193	-1.822287	
AT4G38700	-6.509234	-8.826253	-9.470349	-8.209818	-7.947954	-10.220948	
AT4G39320	0.000000	-11.026603	-11.154322	0.000000	-10.547027	0.000000	
AT4G39404	0.000000	0.000000	-8.895587	-6.948180	-6.828434	-5.732781	
AT4G39950	0.000000	-13.414130	0.000000	0.000000	0.000000	0.000000	
AT5G01090	-2.581544	-3.498867	-4.152042	-4.437085	-6.767883	-8.740593	
AT5G01950	-4.032273	-5.273519	-5.551860	-5.458191	-5.955613	-4.758201	
AT5G03150	-2.424237	-3.642175	-4.355696	-4.486343	-6.716287	-6.333851	
AT5G03770	-5.037534	-6.023086	-6.292727	-5.668184	-5.429145	-3.683537	
AT5G04490	-1.643830	-4.420107	-5.409276	-5.329620	-8.264804	-8.913671	
AT5G04660	-1.814155	-3.362463	-3.544503	-2.835180	-4.039936	-6.038227	
AT5G04940	-1.108993	-2.824146	-3.015492	-2.363705	-2.544943	-1.884642	
AT5G05365	-6.928148	-5.031608	-4.421210	-5.482546	-9.445855	0.000000	
AT5G05965	-6.299326	-7.173025	-9.056747	-7.521738	-7.795867	-4.727610	
AT5G06278	-8.972038	-11.104007	-10.676618	-11.068695	-9.298091	-8.098643	
AT5G06530	-7.475315	-10.081758	-10.835622	-13.920950	0.000000	0.000000	
AT5G07430	-4.643688	-7.506495	-8.695178	-8.277273	-10.024305	-10.296106	
AT5G07990	0.524787	-0.300493	-1.763328	-1.634803	-1.984048	-3.155938	
AT5G09430	-8.375280	-9.389271	-8.372109	-7.180189	-8.112816	0.000000	
AT5G10310	-1.714831	-2.676922	-3.169412	-3.182133	-6.341376	-8.862495	
AT5G10450	1.763535	-0.582205	-0.965194	-0.550214	-0.247226	1.453279	
AT5G10510	0.038784	-1.184346	-1.110453	-0.261730	0.382154	1.354686	
AT5G11420	-5.799160	-10.351306	-12.028043	-11.161443	-8.767518	-5.976174	
AT5G11630	-0.344800	-3.002272	-2.859904	-1.972570	-1.645707	-0.793728	
AT5G12220	-2.339750	-4.186508	-4.176564	-3.623752	-3.350738	-1.927581	
AT5G12340	-11.795367	0.000000	0.000000	0.000000	0.000000	0.000000	
AT5G13270	-5.260999	-7.155753	-7.061799	-6.444168	-6.281082	-4.503234	
AT5G13340	-2.951842	-4.486742	-4.328020	-3.532978	-3.234791	-1.412593	
AT5G14200	-7.854888	-11.097061	-11.251604	-10.493565	-11.946908	-11.092634	
AT5G14620	-1.016239	-2.360928	-2.988853	-2.528865	-2.907405	-2.133226	
AT5G16570	-9.859249	-8.360436	-9.439670	0.000000	0.000000	0.000000	
AT5G16810	-0.766799	-2.108527	-2.441570	-1.904978	-2.445108	-2.583108	
AT5G17430	-1.151592	-2.990789	-3.211559	-2.234226	-2.361348	-2.169326	
AT5G19040	-7.997025	-9.146847	-9.132876	-9.145018	-11.528253	0.000000	
AT5G19220	0.759498	-0.864558	-1.689382	-1.951187	-4.531936	-5.525706	
AT5G20045	0.000000	-10.053483	-7.663682	-11.033126	-11.377300	0.000000	
AT5G20670	-10.572323	-10.371053	-7.916808	-5.558100	-3.963819	-4.789049	
AT5G21105	-3.594133	-5.791459	-5.833433	-4.956094	-4.985550	-4.527477	
AT5G21170	-1.781366	-3.466842	-4.238514	-4.035990	-3.767619	-1.233557	
AT5G22630	-2.665525	-3.217483	-3.477893	-4.341907	-6.522993	-6.016419	
AT5G23350	0.000000	-12.857348	-12.523522	-11.624640	0.000000	0.000000	
AT5G24130	0.298424	-0.712929	-1.233847	-0.219299	0.510499	1.880708	
AT5G25190	-5.637390	-7.779348	-8.010146	-8.649590	-8.279764	-8.750744	
AT5G26345	0.000000	0.000000	0.000000	0.000000	0.000000	-12.859388	
AT5G27400	-1.712077	-3.466345	-3.545786	-2.487901	-2.530453	-1.040213	
AT5G28262	-2.507894	-2.794793	-3.498776	-3.066955	-5.034577	-3.755286	
AT5G38200	-1.887154	-4.250774	-3.695062	-3.875295	-3.125662	-1.655119	
AT5G39860	-1.439634	-4.660741	-7.007270	-8.550807	-10.777707	0.000000	
AT5G42740	0.215420	-0.718656	-0.918833	-0.095857	-0.394109	0.250294	
AT5G44210	-2.985394	-4.776542	-4.795465	-4.488390	-6.424718	-9.045416	
AT5G47230	-6.285718	-9.476359	-8.737030	-9.084726	-10.528589	-11.364247	
AT5G47430	-2.842308	-4.107018	-4.163411	-3.138354	-2.710932	-1.104602	
AT5G49560	-6.186808	-9.885590	-9.925521	-10.600288	-9.383348	-4.200985	
AT5G51190	-5.249087	-9.130011	-7.400296	-5.935820	-7.737964	-7.340791	
AT5G51310	-7.003696	-10.144380	-11.887042	-10.322342	0.000000	0.000000	
AT5G51700	-1.402420	-3.063744	-3.365233	-2.463609	-2.372029	-1.666718	
AT5G53940	-0.656676	-1.336138	-1.631466	-1.135418	-0.881189	0.666312	
AT5G54710	0.000000	0.000000	0.000000	0.000000	0.000000	0.000000	
AT5G54800	-0.570866	-1.411143	-1.552665	-1.045498	-1.104784	-0.175624	
AT5G55250	-1.740623	-2.577462	-2.921389	-2.277772	-1.914646	-0.667338	
AT5G55610	-1.233858	-3.166799	-3.420355	-2.517017	-2.378870	-1.699971	
AT5G55800	-13.377453	0.000000	-14.458729	0.000000	0.000000	0.000000	
AT5G56240	-2.616688	-3.516099	-3.590985	-2.792642	-2.831622	-2.010840	
AT5G56367	-14.288371	-11.546303	-14.147548	-14.182515	-13.356042	0.000000	
AT5G56630	-3.079914	-5.478860	-5.746419	-4.827189	-4.366360	-2.368343	
AT5G56990	-7.563979	-8.699317	-8.717421	-7.876574	-9.917394	0.000000	
AT5G57010	-13.637588	-12.590793	0.000000	0.000000	0.000000	0.000000	
AT5G57123	0.928462	0.181437	-0.441579	-0.204824	0.121637	1.585872	
AT5G57310	-7.023992	-7.433142	-6.697625	-7.018048	-7.359701	-7.417641	
AT5G57785	-6.424500	-7.372756	-8.157722	-6.970135	0.000000	-7.772801	
AT5G58190	-3.506266	-5.143537	-5.491673	-4.773770	-4.469482	-3.000026	
AT5G58575	-3.301855	-4.194486	-4.416958	-3.899380	-4.565487	-3.278861	
AT5G58870	-2.041474	-3.085532	-2.935878	-2.176082	-2.407018	-1.040129	
AT5G59780	-12.630555	0.000000	0.000000	-12.332046	0.000000	0.000000	
AT5G60170	-2.072876	-2.765721	-2.716380	-2.035641	-2.569962	-1.795710	
AT5G60470	-9.013050	-10.635381	0.000000	0.000000	0.000000	0.000000	
AT5G61430	-10.811789	-10.796473	-10.721493	-11.145495	0.000000	0.000000	
AT5G62000	-0.639471	-1.899500	-2.066915	-1.688644	-1.810871	-0.233670	
AT5G62230	-1.979765	-4.159219	-5.005370	-5.192299	-7.061906	-6.686521	
AT5G63350	-5.824320	-5.081433	-2.815219	-0.704069	0.275016	1.344644	
AT5G64120	0.000000	0.000000	0.000000	0.000000	0.000000	0.000000	
AT5G64620	-0.435050	-1.682966	-2.986886	-3.887136	-6.566380	-6.944115	
AT5G65310	-3.479765	-5.497812	-5.643691	-4.254232	-4.801298	-4.772265	
AT5G65510	-1.907669	-3.894487	-4.608177	-4.497130	-5.038939	-3.487609	
AT5G65683	-5.707558	-7.296831	-8.002277	-8.321626	-11.651593	-9.726150	
AT5G65920	-2.178480	-3.868634	-3.960288	-3.472025	-3.731483	-2.740374	
AT5G66170	-5.619187	-6.141809	-6.965444	-7.693721	-9.944887	-7.543258	
AT5G66300	-6.660674	-7.756419	-7.990025	-7.306452	-10.577087	-9.744326	
AT5G66430	0.000000	0.000000	0.000000	0.000000	-8.826786	-6.545959	
